    0.000000     1.000000     0.000000
   -0.001853     0.999465    -0.032649
   -0.000000     0.997859    -0.065403
    0.001853     0.999465    -0.032649
   -0.001853     0.999465     0.032649
   -0.000000     0.997859     0.065403
    0.001853     0.999465     0.032649
    0.000000     1.000000     0.000000
   -0.007393     0.997868    -0.064843
   -0.007425     0.993591    -0.112795
   -0.000000     0.991445    -0.130526
    0.007425     0.993591    -0.112795
    0.007393     0.997868    -0.064843
    0.000000     1.000000    -0.000000
   -0.007393     0.997868     0.064843
   -0.007425     0.993591     0.112795
   -0.000000     0.991445     0.130526
    0.007425     0.993591     0.112795
    0.007393     0.997868     0.064843
   -0.006512     0.999426    -0.033245
   -0.016560     0.995231    -0.096129
   -0.018954     0.988770    -0.148241
   -0.012443     0.983052    -0.182902
   -0.000000     0.980785    -0.195090
    0.012443     0.983052    -0.182902
    0.018954     0.988770    -0.148241
    0.016560     0.995231    -0.096129
    0.006512     0.999426    -0.033245
   -0.006512     0.999426     0.033245
   -0.016560     0.995231     0.096129
   -0.018954     0.988770     0.148241
   -0.012443     0.983052     0.182902
   -0.000000     0.980785     0.195090
    0.012443     0.983052     0.182902
    0.018954     0.988770     0.148241
    0.016560     0.995231     0.096129
    0.006512     0.999426     0.033245
    0.000000     1.000000     0.000000
   -0.016785     0.997754    -0.064850
   -0.029252     0.991591    -0.126060
   -0.034069     0.983111    -0.179814
   -0.029764     0.974556    -0.222159
   -0.017296     0.968246    -0.249401
   -0.000000     0.965926    -0.258819
    0.017296     0.968246    -0.249401
    0.029764     0.974556    -0.222159
    0.034069     0.983111    -0.179814
    0.029252     0.991591    -0.126060
    0.016785     0.997754    -0.064850
    0.000000     1.000000    -0.000000
   -0.016785     0.997754     0.064850
   -0.029252     0.991591     0.126060
   -0.034069     0.983111     0.179814
   -0.029764     0.974556     0.222159
   -0.017296     0.968246     0.249401
   -0.000000     0.965926     0.258819
    0.017296     0.968246     0.249401
    0.029764     0.974556     0.222159
    0.034069     0.983111     0.179814
    0.029252     0.991591     0.126060
    0.016785     0.997754     0.064850
   -0.010747     0.999435    -0.031834
   -0.030517     0.995055    -0.094526
   -0.045330     0.987000    -0.154195
   -0.052610     0.976595    -0.208552
   -0.050884     0.965595    -0.255023
   -0.040163     0.955913    -0.290890
   -0.022135     0.949286    -0.313635
   -0.000000     0.946930    -0.321439
    0.022135     0.949286    -0.313635
    0.040163     0.955913    -0.290890
    0.050884     0.965595    -0.255023
    0.052610     0.976595    -0.208552
    0.045330     0.987000    -0.154195
    0.030517     0.995055    -0.094526
    0.010747     0.999435    -0.031834
   -0.010747     0.999435     0.031834
   -0.030517     0.995055     0.094526
   -0.045330     0.987000     0.154195
   -0.052610     0.976595     0.208552
   -0.050884     0.965595     0.255023
   -0.040163     0.955913     0.290890
   -0.022135     0.949286     0.313635
   -0.000000     0.946930     0.321439
    0.022135     0.949286     0.313635
    0.040163     0.955913     0.290890
    0.050884     0.965595     0.255023
    0.052610     0.976595     0.208552
    0.045330     0.987000     0.154195
    0.030517     0.995055     0.094526
    0.010747     0.999435     0.031834
    0.000000     1.000000     0.000000
   -0.025099     0.997790    -0.061530
   -0.047475     0.991397    -0.121972
   -0.064607     0.981523    -0.180104
   -0.074397     0.969274    -0.234464
   -0.075425     0.956066    -0.283283
   -0.067212     0.943486    -0.324527
   -0.050441     0.933105    -0.356050
   -0.027037     0.926266    -0.375898
   -0.000000     0.923880    -0.382683
    0.027037     0.926266    -0.375898
    0.050441     0.933105    -0.356050
    0.067212     0.943486    -0.324527
    0.075425     0.956066    -0.283283
    0.074397     0.969274    -0.234464
    0.064607     0.981523    -0.180104
    0.047475     0.991397    -0.121972
    0.025099     0.997790    -0.061530
    0.000000     1.000000    -0.000000
   -0.025099     0.997790     0.061530
   -0.047475     0.991397     0.121972
   -0.064607     0.981523     0.180104
   -0.074397     0.969274     0.234464
   -0.075425     0.956066     0.283283
   -0.067212     0.943486     0.324527
   -0.050441     0.933105     0.356050
   -0.027037     0.926266     0.375898
   -0.000000     0.923880     0.382683
    0.027037     0.926266     0.375898
    0.050441     0.933105     0.356050
    0.067212     0.943486     0.324527
    0.075425     0.956066     0.283283
    0.074397     0.969274     0.234464
    0.064607     0.981523     0.180104
    0.047475     0.991397     0.121972
    0.025099     0.997790     0.061530
   -0.014586     0.999454    -0.029660
   -0.042645     0.995145    -0.088699
   -0.067413     0.986859    -0.146852
   -0.086856     0.975241    -0.203374
   -0.099204     0.961226    -0.257300
   -0.103106     0.945982    -0.307389
   -0.097814     0.930836    -0.352102
   -0.083376     0.917173    -0.389668
   -0.060795     0.906298    -0.418244
   -0.032058     0.899292    -0.436172
    0.000000     0.896873    -0.442289
    0.032058     0.899292    -0.436172
    0.060795     0.906298    -0.418244
    0.083376     0.917173    -0.389668
    0.097814     0.930836    -0.352102
    0.103106     0.945982    -0.307389
    0.099204     0.961226    -0.257300
    0.086856     0.975241    -0.203374
    0.067413     0.986859    -0.146852
    0.042645     0.995145    -0.088699
    0.014586     0.999454    -0.029660
   -0.014586     0.999454     0.029660
   -0.042645     0.995145     0.088699
   -0.067413     0.986859     0.146852
   -0.086856     0.975241     0.203374
   -0.099204     0.961226     0.257300
   -0.103106     0.945982     0.307389
   -0.097814     0.930836     0.352102
   -0.083376     0.917173     0.389668
   -0.060795     0.906298     0.418244
   -0.032058     0.899292     0.436172
    0.000000     0.896873     0.442289
    0.032058     0.899292     0.436172
    0.060795     0.906298     0.418244
    0.083376     0.917173     0.389668
    0.097814     0.930836     0.352102
    0.103106     0.945982     0.307389
    0.099204     0.961226     0.257300
    0.086856     0.975241     0.203374
    0.067413     0.986859     0.146852
    0.042645     0.995145     0.088699
    0.014586     0.999454     0.029660
    0.000000     1.000000     0.000000
   -0.033098     0.997777    -0.057844
   -0.064265     0.991237    -0.115411
   -0.091615     0.980765    -0.172359
   -0.113361     0.966992    -0.228203
   -0.127890     0.950777    -0.282253
   -0.133876     0.933179    -0.333548
   -0.130421     0.915405    -0.380821
   -0.117232     0.898743    -0.422513
   -0.094800     0.884474    -0.456858
   -0.064522     0.873748    -0.482081
   -0.028702     0.867470    -0.496660
    0.009639     0.866187    -0.499628
    0.047129     0.870009    -0.490777
    0.080518     0.878604    -0.470714
    0.107106     0.891233    -0.440717
    0.125033     0.906853    -0.402472
    0.133363     0.924234    -0.357778
    0.132019     0.942079    -0.308316
    0.121618     0.959128    -0.255505
    0.103294     0.974242    -0.200456
    0.078532     0.986458    -0.143989
    0.049042     0.995028    -0.086681
    0.016670     0.999442    -0.028938
   -0.016670     0.999442     0.028938
   -0.049042     0.995028     0.086681
   -0.078532     0.986458     0.143989
   -0.103294     0.974242     0.200456
   -0.121618     0.959128     0.255505
   -0.132019     0.942079     0.308316
   -0.133363     0.924234     0.357778
   -0.125033     0.906853     0.402472
   -0.107106     0.891233     0.440717
   -0.080518     0.878604     0.470714
   -0.047129     0.870009     0.490777
   -0.009639     0.866187     0.499628
    0.028702     0.867470     0.496660
    0.064522     0.873748     0.482081
    0.094800     0.884474     0.456858
    0.117232     0.898743     0.422513
    0.130421     0.915405     0.380821
    0.133876     0.933179     0.333548
    0.127890     0.950777     0.282253
    0.113361     0.966992     0.228203
    0.091615     0.980765     0.172359
    0.064265     0.991237     0.115411
    0.033098     0.997777     0.057844
   -0.018613     0.999437    -0.027907
   -0.055002     0.994973    -0.083688
   -0.088892     0.986246    -0.139345
   -0.118642     0.973658    -0.194715
   -0.142672     0.957805    -0.249507
   -0.159499     0.939470    -0.303242
   -0.167821     0.919604    -0.355197
   -0.166624     0.899298    -0.404350
   -0.155331     0.879745    -0.449357
   -0.133985     0.862167    -0.488586
   -0.103415     0.847738    -0.520235
   -0.065346     0.837479    -0.542549
   -0.022355     0.832146    -0.554106
    0.022355     0.832146    -0.554106
    0.065346     0.837479    -0.542549
    0.103415     0.847738    -0.520235
    0.133985     0.862167    -0.488586
    0.155331     0.879745    -0.449357
    0.166624     0.899298    -0.404350
    0.167821     0.919604    -0.355197
    0.159499     0.939470    -0.303242
    0.142672     0.957805    -0.249507
    0.118642     0.973658    -0.194715
    0.088892     0.986246    -0.139345
    0.055002     0.994973    -0.083688
    0.018613     0.999437    -0.027907
   -0.018613     0.999437     0.027907
   -0.055002     0.994973     0.083688
   -0.088892     0.986246     0.139345
   -0.118642     0.973658     0.194715
   -0.142672     0.957805     0.249507
   -0.159499     0.939470     0.303242
   -0.167821     0.919604     0.355197
   -0.166624     0.899298     0.404350
   -0.155331     0.879745     0.449357
   -0.133985     0.862167     0.488586
   -0.103415     0.847738     0.520235
   -0.065346     0.837479     0.542549
   -0.022355     0.832146     0.554106
    0.022355     0.832146     0.554106
    0.065346     0.837479     0.542549
    0.103415     0.847738     0.520235
    0.133985     0.862167     0.488586
    0.155331     0.879745     0.449357
    0.166624     0.899298     0.404350
    0.167821     0.919604     0.355197
    0.159499     0.939470     0.303242
    0.142672     0.957805     0.249507
    0.118642     0.973658     0.194715
    0.088892     0.986246     0.139345
    0.055002     0.994973     0.083688
    0.018613     0.999437     0.027907
    0.000000     1.000000     0.000000
   -0.040612     0.997755    -0.053249
   -0.079790     0.991099    -0.106563
   -0.116101     0.980270    -0.159974
   -0.148119     0.965661    -0.213447
   -0.174431     0.947825    -0.266837
   -0.193673     0.927465    -0.319842
   -0.204570     0.905434    -0.371942
   -0.206022     0.882713    -0.422343
   -0.197222     0.860391    -0.469926
   -0.177823     0.839623    -0.513237
   -0.148123     0.821567    -0.550534
   -0.109241     0.807306    -0.579934
   -0.063202     0.797748    -0.599670
   -0.012863     0.793531    -0.608394
    0.038366     0.794944    -0.605468
    0.086955     0.801891    -0.591108
    0.129724     0.813900    -0.566338
    0.164212     0.830185    -0.532754
    0.188847     0.849739    -0.492219
    0.202938     0.871431    -0.446570
    0.206536     0.894094    -0.397416
    0.200239     0.916600    -0.346047
    0.185019     0.937911    -0.293414
    0.162075     0.957106    -0.240167
    0.132736     0.973407    -0.186709
    0.098393     0.986185    -0.133257
    0.060470     0.994967    -0.079895
    0.020395     0.999438    -0.026620
   -0.020395     0.999438     0.026620
   -0.060470     0.994967     0.079895
   -0.098393     0.986185     0.133257
   -0.132736     0.973407     0.186709
   -0.162075     0.957106     0.240167
   -0.185019     0.937911     0.293414
   -0.200239     0.916600     0.346047
   -0.206536     0.894094     0.397416
   -0.202938     0.871431     0.446570
   -0.188847     0.849739     0.492219
   -0.164212     0.830185     0.532754
   -0.129724     0.813900     0.566338
   -0.086955     0.801891     0.591108
   -0.038366     0.794944     0.605468
    0.012863     0.793531     0.608394
    0.063202     0.797748     0.599670
    0.109241     0.807306     0.579934
    0.148123     0.821567     0.550534
    0.177823     0.839623     0.513237
    0.197222     0.860391     0.469926
    0.206022     0.882713     0.422343
    0.204570     0.905434     0.371942
    0.193673     0.927465     0.319842
    0.174431     0.947825     0.266837
    0.148119     0.965661     0.213447
    0.116101     0.980270     0.159974
    0.079790     0.991099     0.106563
    0.040612     0.997755     0.053249
   -0.022003     0.999442    -0.025122
   -0.065399     0.995003    -0.075443
   -0.106960     0.986249    -0.125987
   -0.145453     0.973428    -0.176867
   -0.179629     0.956914    -0.228143
   -0.208229     0.937208    -0.279788
   -0.229993     0.914940    -0.331644
   -0.243684     0.890865    -0.383376
   -0.248148     0.865861    -0.434404
   -0.242400     0.840915    -0.483843
   -0.225760     0.817099    -0.530453
   -0.198040     0.795532    -0.572633
   -0.159749     0.777318    -0.608487
   -0.112278     0.763465    -0.636015
   -0.057971     0.754793    -0.653396
   -0.000000     0.751840    -0.659346
    0.057971     0.754793    -0.653396
    0.112278     0.763465    -0.636015
    0.159749     0.777318    -0.608487
    0.198040     0.795532    -0.572633
    0.225760     0.817099    -0.530453
    0.242400     0.840915    -0.483843
    0.248148     0.865861    -0.434404
    0.243684     0.890865    -0.383376
    0.229993     0.914940    -0.331644
    0.208229     0.937208    -0.279788
    0.179629     0.956914    -0.228143
    0.145453     0.973428    -0.176867
    0.106960     0.986249    -0.125987
    0.065399     0.995003    -0.075443
    0.022003     0.999442    -0.025122
   -0.022003     0.999442     0.025122
   -0.065399     0.995003     0.075443
   -0.106960     0.986249     0.125987
   -0.145453     0.973428     0.176867
   -0.179629     0.956914     0.228143
   -0.208229     0.937208     0.279788
   -0.229993     0.914940     0.331644
   -0.243684     0.890865     0.383376
   -0.248148     0.865861     0.434404
   -0.242400     0.840915     0.483843
   -0.225760     0.817099     0.530453
   -0.198040     0.795532     0.572633
   -0.159749     0.777318     0.608487
   -0.112278     0.763465     0.636015
   -0.057971     0.754793     0.653396
   -0.000000     0.751840     0.659346
    0.057971     0.754793     0.653396
    0.112278     0.763465     0.636015
    0.159749     0.777318     0.608487
    0.198040     0.795532     0.572633
    0.225760     0.817099     0.530453
    0.242400     0.840915     0.483843
    0.248148     0.865861     0.434404
    0.243684     0.890865     0.383376
    0.229993     0.914940     0.331644
    0.208229     0.937208     0.279788
    0.179629     0.956914     0.228143
    0.145453     0.973428     0.176867
    0.106960     0.986249     0.125987
    0.065399     0.995003     0.075443
    0.022003     0.999442     0.025122
    0.000000     1.000000     0.000000
   -0.046718     0.997805    -0.046924
   -0.092402     0.991270    -0.094051
   -0.136009     0.980540    -0.141575
   -0.176477     0.965859    -0.189665
   -0.212715     0.947572    -0.238452
   -0.243599     0.926130    -0.287999
   -0.267970     0.902087    -0.338277
   -0.284647     0.876110    -0.389111
   -0.292451     0.848977    -0.440126
   -0.290271     0.821571    -0.490677
   -0.277159     0.794876    -0.539773
   -0.252496     0.769949    -0.586024
   -0.216200     0.747883    -0.627637
   -0.168970     0.729742    -0.662515
   -0.112482     0.716482    -0.688478
   -0.049448     0.708851    -0.703623
    0.016567     0.707301    -0.706718
    0.081576     0.711926    -0.697500
    0.141737     0.722449    -0.676741
    0.193872     0.738258    -0.646056
    0.235780     0.758490    -0.607536
    0.266292     0.782124    -0.563357
    0.285130     0.808070    -0.515484
    0.292674     0.835248    -0.465513
    0.289730     0.862635    -0.414629
    0.277345     0.889294    -0.363642
    0.256672     0.914394    -0.313054
    0.228898     0.937213    -0.263130
    0.195194     0.957140    -0.213966
    0.156703     0.973674    -0.165540
    0.114531     0.986416    -0.117752
    0.069754     0.995074    -0.070450
    0.023423     0.999451    -0.023449
   -0.023423     0.999451     0.023449
   -0.069754     0.995074     0.070450
   -0.114531     0.986416     0.117752
   -0.156703     0.973674     0.165540
   -0.195194     0.957140     0.213966
   -0.228898     0.937213     0.263130
   -0.256672     0.914394     0.313054
   -0.277345     0.889294     0.363642
   -0.289730     0.862635     0.414629
   -0.292674     0.835248     0.465513
   -0.285130     0.808070     0.515484
   -0.266292     0.782124     0.563357
   -0.235780     0.758490     0.607536
   -0.193872     0.738258     0.646056
   -0.141737     0.722449     0.676741
   -0.081576     0.711926     0.697500
   -0.016567     0.707301     0.706718
    0.049448     0.708851     0.703623
    0.112482     0.716482     0.688478
    0.168970     0.729742     0.662515
    0.216200     0.747883     0.627637
    0.252496     0.769949     0.586024
    0.277159     0.794876     0.539773
    0.290271     0.821571     0.490677
    0.292451     0.848977     0.440126
    0.284647     0.876110     0.389111
    0.267970     0.902087     0.338277
    0.243599     0.926130     0.287999
    0.212715     0.947572     0.238452
    0.176477     0.965859     0.189665
    0.136009     0.980540     0.141575
    0.092402     0.991270     0.094051
    0.046718     0.997805     0.046924
   -0.024993     0.999447    -0.021940
   -0.074526     0.995037    -0.065938
   -0.122699     0.986296    -0.110292
   -0.168583     0.973388    -0.155230
   -0.211226     0.956554    -0.200966
   -0.249634     0.936127    -0.247687
   -0.282761     0.912527    -0.295534
   -0.309503     0.886269    -0.344578
   -0.328693     0.857971    -0.394775
   -0.339112     0.828352    -0.445910
   -0.339522     0.798246    -0.497522
   -0.328748     0.768590    -0.548811
   -0.305811     0.740420    -0.598547
   -0.270144     0.714840    -0.645000
   -0.221879     0.692979    -0.685966
   -0.162153     0.675909    -0.718925
   -0.093327     0.664549    -0.741394
   -0.018955     0.659556    -0.751417
    0.056573     0.661229    -0.748048
    0.128681     0.669467    -0.731611
    0.193331     0.683783    -0.703608
    0.247542     0.703376    -0.666323
    0.289580     0.727235    -0.622312
    0.318848     0.754251    -0.573969
    0.335601     0.783299    -0.523273
    0.340644     0.813304    -0.471697
    0.335077     0.843277    -0.420247
    0.320118     0.872333    -0.369541
    0.297002     0.899694    -0.319906
    0.266925     0.924694    -0.271463
    0.231023     0.946766    -0.224193
    0.190371     0.965443    -0.177986
    0.145986     0.980350    -0.132674
    0.098840     0.991200    -0.088056
    0.049873     0.997790    -0.043909
    0.000000     1.000000    -0.000000
   -0.049873     0.997790     0.043909
   -0.098840     0.991200     0.088056
   -0.145986     0.980350     0.132674
   -0.190371     0.965443     0.177986
   -0.231023     0.946766     0.224193
   -0.266925     0.924694     0.271463
   -0.297002     0.899694     0.319906
   -0.320118     0.872333     0.369541
   -0.335077     0.843277     0.420247
   -0.340644     0.813304     0.471697
   -0.335601     0.783299     0.523273
   -0.318848     0.754251     0.573969
   -0.289580     0.727235     0.622312
   -0.247542     0.703376     0.666323
   -0.193331     0.683783     0.703608
   -0.128681     0.669467     0.731611
   -0.056573     0.661229     0.748048
    0.018955     0.659556     0.751417
    0.093327     0.664549     0.741394
    0.162153     0.675909     0.718925
    0.221879     0.692979     0.685966
    0.270144     0.714840     0.645000
    0.305811     0.740420     0.598547
    0.328748     0.768590     0.548811
    0.339522     0.798246     0.497522
    0.339112     0.828352     0.445910
    0.328693     0.857971     0.394775
    0.309503     0.886269     0.344578
    0.282761     0.912527     0.295534
    0.249634     0.936127     0.247687
    0.211226     0.956554     0.200966
    0.168583     0.973388     0.155230
    0.122699     0.986296     0.110292
    0.074526     0.995037     0.065938
    0.024993     0.999447     0.021940
    0.000000     1.000000     0.000000
   -0.052599     0.997794    -0.040503
   -0.104414     0.991209    -0.081257
   -0.154650     0.980343    -0.122516
   -0.202492     0.965364    -0.164529
   -0.247089     0.946506    -0.207541
   -0.287545     0.924079    -0.251785
   -0.322899     0.898470    -0.297470
   -0.352112     0.870148    -0.344759
   -0.374054     0.839676    -0.393736
   -0.387490     0.807713    -0.444355
   -0.391099     0.775026    -0.496363
   -0.383508     0.742496    -0.549200
   -0.363399     0.711118    -0.601874
   -0.329695     0.681988    -0.652835
   -0.281863     0.656273    -0.699900
   -0.220310     0.635146    -0.740306
   -0.146781     0.619695    -0.770995
   -0.064576     0.610796    -0.789150
    0.021640     0.608988    -0.792884
    0.106498     0.614384    -0.781787
    0.184873     0.626650    -0.757055
    0.252728     0.645064    -0.721125
    0.307546     0.668629    -0.677015
    0.348297     0.696200    -0.627690
    0.375094     0.726597    -0.575640
    0.388789     0.758682    -0.522729
    0.390609     0.791407    -0.470212
    0.381916     0.823835    -0.418850
    0.364067     0.855142    -0.369036
    0.338341     0.884615    -0.320906
    0.305922     0.911645    -0.274436
    0.267893     0.935717    -0.229495
    0.225251     0.956402    -0.185895
    0.178922     0.973355    -0.143413
    0.129780     0.986302    -0.101808
    0.078654     0.995044    -0.060833
    0.026348     0.999448    -0.020236
   -0.026348     0.999448     0.020236
   -0.078654     0.995044     0.060833
   -0.129780     0.986302     0.101808
   -0.178922     0.973355     0.143413
   -0.225251     0.956402     0.185895
   -0.267893     0.935717     0.229495
   -0.305922     0.911645     0.274436
   -0.338341     0.884615     0.320906
   -0.364067     0.855142     0.369036
   -0.381916     0.823835     0.418850
   -0.390609     0.791407     0.470212
   -0.388789     0.758682     0.522729
   -0.375094     0.726597     0.575640
   -0.348297     0.696200     0.627690
   -0.307546     0.668629     0.677015
   -0.252728     0.645064     0.721125
   -0.184873     0.626650     0.757055
   -0.106498     0.614384     0.781787
   -0.021640     0.608988     0.792884
    0.064576     0.610796     0.789150
    0.146781     0.619695     0.770995
    0.220310     0.635146     0.740306
    0.281863     0.656273     0.699900
    0.329695     0.681988     0.652835
    0.363399     0.711118     0.601874
    0.383508     0.742496     0.549200
    0.391099     0.775026     0.496363
    0.387490     0.807713     0.444355
    0.374054     0.839676     0.393736
    0.352112     0.870148     0.344759
    0.322899     0.898470     0.297470
    0.287545     0.924079     0.251785
    0.247089     0.946506     0.207541
    0.202492     0.965364     0.164529
    0.154650     0.980343     0.122516
    0.104414     0.991209     0.081257
    0.052599     0.997794     0.040503
   -0.027831     0.999439    -0.018611
   -0.083143     0.994965    -0.055962
   -0.137405     0.986073    -0.093705
   -0.189900     0.972875    -0.132103
   -0.239886     0.955546    -0.171427
   -0.286582     0.934316    -0.211952
   -0.329153     0.909486    -0.253957
   -0.366689     0.881423    -0.297714
   -0.398185     0.850572    -0.343477
   -0.422514     0.817464    -0.391451
   -0.438403     0.782728    -0.441746
   -0.444416     0.747099    -0.494304
   -0.438966     0.711437    -0.548786
   -0.420376     0.676732    -0.604416
   -0.387045     0.644108    -0.659789
   -0.337764     0.614805    -0.712692
   -0.272214     0.590129    -0.760031
   -0.191584     0.571356    -0.798027
   -0.099091     0.559584    -0.822828
   -0.000000     0.555570    -0.831470
    0.099091     0.559584    -0.822828
    0.191584     0.571356    -0.798027
    0.272214     0.590129    -0.760031
    0.337764     0.614805    -0.712692
    0.387045     0.644108    -0.659789
    0.420376     0.676732    -0.604416
    0.438966     0.711437    -0.548786
    0.444416     0.747099    -0.494304
    0.438403     0.782728    -0.441746
    0.422514     0.817464    -0.391451
    0.398185     0.850572    -0.343477
    0.366689     0.881423    -0.297714
    0.329153     0.909486    -0.253957
    0.286582     0.934316    -0.211952
    0.239886     0.955546    -0.171427
    0.189900     0.972875    -0.132103
    0.137405     0.986073    -0.093705
    0.083143     0.994965    -0.055962
    0.027831     0.999439    -0.018611
   -0.027831     0.999439     0.018611
   -0.083143     0.994965     0.055962
   -0.137405     0.986073     0.093705
   -0.189900     0.972875     0.132103
   -0.239886     0.955546     0.171427
   -0.286582     0.934316     0.211952
   -0.329153     0.909486     0.253957
   -0.366689     0.881423     0.297714
   -0.398185     0.850572     0.343477
   -0.422514     0.817464     0.391451
   -0.438403     0.782728     0.441746
   -0.444416     0.747099     0.494304
   -0.438966     0.711437     0.548786
   -0.420376     0.676732     0.604416
   -0.387045     0.644108     0.659789
   -0.337764     0.614805     0.712692
   -0.272214     0.590129     0.760031
   -0.191584     0.571356     0.798027
   -0.099091     0.559584     0.822828
   -0.000000     0.555570     0.831470
    0.099091     0.559584     0.822828
    0.191584     0.571356     0.798027
    0.272214     0.590129     0.760031
    0.337764     0.614805     0.712692
    0.387045     0.644108     0.659789
    0.420376     0.676732     0.604416
    0.438966     0.711437     0.548786
    0.444416     0.747099     0.494304
    0.438403     0.782728     0.441746
    0.422514     0.817464     0.391451
    0.398185     0.850572     0.343477
    0.366689     0.881423     0.297714
    0.329153     0.909486     0.253957
    0.286582     0.934316     0.211952
    0.239886     0.955546     0.171427
    0.189900     0.972875     0.132103
    0.137405     0.986073     0.093705
    0.083143     0.994965     0.055962
    0.027831     0.999439     0.018611
    0.000000     1.000000     0.000000
   -0.057370     0.997800    -0.033220
   -0.114147     0.991223    -0.066684
   -0.169732     0.980338    -0.100642
   -0.223510     0.965258    -0.135351
   -0.274838     0.946148    -0.171081
   -0.323038     0.923220    -0.208116
   -0.367377     0.896741    -0.246757
   -0.407049     0.867039    -0.287323
   -0.441149     0.834504    -0.330138
   -0.468639     0.799602    -0.375518
   -0.488312     0.762885    -0.423743
   -0.498749     0.725005    -0.474993
   -0.498287     0.686731    -0.529255
   -0.485018     0.648970    -0.586170
   -0.456862     0.612783    -0.644805
   -0.411797     0.579389    -0.703371
   -0.348329     0.550147    -0.758950
   -0.266259     0.526485    -0.807415
   -0.167615     0.509769    -0.843825
   -0.057286     0.501099    -0.863492
    0.057286     0.501099    -0.863492
    0.167615     0.509769    -0.843825
    0.266259     0.526485    -0.807415
    0.348329     0.550147    -0.758950
    0.411797     0.579389    -0.703371
    0.456862     0.612783    -0.644805
    0.485018     0.648970    -0.586170
    0.498287     0.686731    -0.529255
    0.498749     0.725005    -0.474993
    0.488312     0.762885    -0.423743
    0.468639     0.799602    -0.375518
    0.441149     0.834504    -0.330138
    0.407049     0.867039    -0.287323
    0.367377     0.896741    -0.246757
    0.323038     0.923220    -0.208116
    0.274838     0.946148    -0.171081
    0.223510     0.965258    -0.135351
    0.169732     0.980338    -0.100642
    0.114147     0.991223    -0.066684
    0.057370     0.997800    -0.033220
   -0.000000     1.000000     0.000000
   -0.057370     0.997800     0.033220
   -0.114147     0.991223     0.066684
   -0.169732     0.980338     0.100642
   -0.223510     0.965258     0.135351
   -0.274838     0.946148     0.171081
   -0.323038     0.923220     0.208116
   -0.367377     0.896741     0.246757
   -0.407049     0.867039     0.287323
   -0.441149     0.834504     0.330138
   -0.468639     0.799602     0.375518
   -0.488312     0.762885     0.423743
   -0.498749     0.725005     0.474993
   -0.498287     0.686731     0.529255
   -0.485018     0.648970     0.586170
   -0.456862     0.612783     0.644805
   -0.411797     0.579389     0.703371
   -0.348329     0.550147     0.758950
   -0.266259     0.526485     0.807415
   -0.167615     0.509769     0.843825
   -0.057286     0.501099     0.863492
    0.057286     0.501099     0.863492
    0.167615     0.509769     0.843825
    0.266259     0.526485     0.807415
    0.348329     0.550147     0.758950
    0.411797     0.579389     0.703371
    0.456862     0.612783     0.644805
    0.485018     0.648970     0.586170
    0.498287     0.686731     0.529255
    0.498749     0.725005     0.474993
    0.488312     0.762885     0.423743
    0.468639     0.799602     0.375518
    0.441149     0.834504     0.330138
    0.407049     0.867039     0.287323
    0.367377     0.896741     0.246757
    0.323038     0.923220     0.208116
    0.274838     0.946148     0.171081
    0.223510     0.965258     0.135351
    0.169732     0.980338     0.100642
    0.114147     0.991223     0.066684
    0.057370     0.997800     0.033220
   -0.029719     0.999451    -0.014666
   -0.088899     0.995063    -0.044111
   -0.147302     0.986327    -0.073900
   -0.204400     0.973318    -0.104269
   -0.259648     0.956154    -0.135470
   -0.312478     0.934992    -0.167773
   -0.362286     0.910032    -0.201471
   -0.408414     0.881522    -0.236890
   -0.450133     0.849761    -0.274384
   -0.486614     0.815104    -0.314346
   -0.516884     0.777973    -0.357196
   -0.539784     0.738869    -0.403368
   -0.553900     0.698387    -0.453265
   -0.557490     0.657240    -0.507189
   -0.548417     0.616280    -0.565188
   -0.524127     0.576537    -0.626814
   -0.481765     0.539239    -0.690742
   -0.418574     0.505827    -0.754278
   -0.332793     0.477915    -0.812924
   -0.225075     0.457170    -0.860428
   -0.099992     0.445072    -0.889895
    0.033578     0.442599    -0.896091
    0.164241     0.449964    -0.877814
    0.281495     0.466547    -0.838507
    0.378542     0.491078    -0.784569
    0.452921     0.521949    -0.722795
    0.505387     0.557497    -0.658621
    0.538348     0.596184    -0.595605
    0.554686     0.636676    -0.535692
    0.557135     0.677847    -0.479713
    0.548041     0.718759    -0.427828
    0.529337     0.758633    -0.379840
    0.502592     0.796818    -0.335383
    0.469085     0.832769    -0.294031
    0.429874     0.866027    -0.255354
    0.385853     0.896203    -0.218944
    0.337800     0.922972    -0.184428
    0.286402     0.946061    -0.151466
    0.232290     0.965247    -0.119749
    0.176047     0.980350    -0.088996
    0.118230     0.991235    -0.058948
    0.059374     0.997804    -0.029360
    0.000000     1.000000    -0.000000
   -0.059374     0.997804     0.029360
   -0.118230     0.991235     0.058948
   -0.176047     0.980350     0.088996
   -0.232290     0.965247     0.119749
   -0.286402     0.946061     0.151466
   -0.337800     0.922972     0.184428
   -0.385853     0.896203     0.218944
   -0.429874     0.866027     0.255354
   -0.469085     0.832769     0.294031
   -0.502592     0.796818     0.335383
   -0.529337     0.758633     0.379840
   -0.548041     0.718759     0.427828
   -0.557135     0.677847     0.479713
   -0.554686     0.636676     0.535692
   -0.538348     0.596184     0.595605
   -0.505387     0.557497     0.658621
   -0.452921     0.521949     0.722795
   -0.378542     0.491078     0.784569
   -0.281495     0.466547     0.838507
   -0.164241     0.449964     0.877814
   -0.033578     0.442599     0.896091
    0.099992     0.445072     0.889895
    0.225075     0.457170     0.860428
    0.332793     0.477915     0.812924
    0.418574     0.505827     0.754278
    0.481765     0.539239     0.690742
    0.524127     0.576537     0.626814
    0.548417     0.616280     0.565188
    0.557490     0.657240     0.507189
    0.553900     0.698387     0.453265
    0.539784     0.738869     0.403368
    0.516884     0.777973     0.357196
    0.486614     0.815104     0.314346
    0.450133     0.849761     0.274384
    0.408414     0.881522     0.236890
    0.362286     0.910032     0.201471
    0.312478     0.934992     0.167773
    0.259648     0.956154     0.135470
    0.204400     0.973318     0.104269
    0.147302     0.986327     0.073900
    0.088899     0.995063     0.044111
    0.029719     0.999451     0.014666
    0.000000     1.000000     0.000000
   -0.061567     0.997775    -0.025568
   -0.122670     0.991118    -0.051346
   -0.182841     0.980079    -0.077548
   -0.241603     0.964743    -0.104402
   -0.298465     0.945228    -0.132151
   -0.352909     0.921690    -0.161066
   -0.404389     0.894324    -0.191452
   -0.452305     0.863366    -0.223653
   -0.495988     0.829095    -0.258066
   -0.534666     0.791845    -0.295150
   -0.567423     0.752009    -0.335430
   -0.593129     0.710055    -0.379499
   -0.610361     0.666541    -0.427998
   -0.617276     0.622142    -0.481569
   -0.611471     0.577687    -0.540723
   -0.589827     0.534201    -0.605585
   -0.548460     0.492966    -0.675409
   -0.482978     0.455562    -0.747794
   -0.389493     0.423880    -0.817692
   -0.266823     0.400010    -0.876811
   -0.119560     0.385938    -0.914744
    0.040224     0.383047    -0.922853
    0.195681     0.391643    -0.899069
    0.331690     0.410837    -0.849232
    0.439908     0.438877    -0.783497
    0.519007     0.473673    -0.711523
    0.571878     0.513211    -0.639977
    0.602854     0.555749    -0.572459
    0.616140     0.599862    -0.510427
    0.615244     0.644404    -0.454113
    0.602908     0.688454    -0.403153
    0.581238     0.731265    -0.356951
    0.551849     0.772223    -0.314855
    0.516006     0.810819    -0.276243
    0.474721     0.846625    -0.240556
    0.428832     0.879278    -0.207302
    0.379056     0.908472    -0.176055
    0.326022     0.933950    -0.146445
    0.270303     0.955498    -0.118148
    0.212429     0.972941    -0.090879
    0.152902     0.986142    -0.064380
    0.092206     0.994999    -0.038418
    0.030812     0.999444    -0.012771
   -0.030812     0.999444     0.012771
   -0.092206     0.994999     0.038418
   -0.152902     0.986142     0.064380
   -0.212429     0.972941     0.090879
   -0.270303     0.955498     0.118148
   -0.326022     0.933950     0.146445
   -0.379056     0.908472     0.176055
   -0.428832     0.879278     0.207302
   -0.474721     0.846625     0.240556
   -0.516006     0.810819     0.276243
   -0.551849     0.772223     0.314855
   -0.581238     0.731265     0.356951
   -0.602908     0.688454     0.403153
   -0.615244     0.644404     0.454113
   -0.616140     0.599862     0.510427
   -0.602854     0.555749     0.572459
   -0.571878     0.513211     0.639977
   -0.519007     0.473673     0.711523
   -0.439908     0.438877     0.783497
   -0.331690     0.410837     0.849232
   -0.195681     0.391643     0.899069
   -0.040224     0.383047     0.922853
    0.119560     0.385938     0.914744
    0.266823     0.400010     0.876811
    0.389493     0.423880     0.817692
    0.482978     0.455562     0.747794
    0.548460     0.492966     0.675409
    0.589827     0.534201     0.605585
    0.611471     0.577687     0.540723
    0.617276     0.622142     0.481569
    0.610361     0.666541     0.427998
    0.593129     0.710055     0.379499
    0.567423     0.752009     0.335430
    0.534666     0.791845     0.295150
    0.495988     0.829095     0.258066
    0.452305     0.863366     0.223653
    0.404389     0.894324     0.191452
    0.352909     0.921690     0.161066
    0.298465     0.945228     0.132151
    0.241603     0.964743     0.104402
    0.182841     0.980079     0.077548
    0.122670     0.991118     0.051346
    0.061567     0.997775     0.025568
   -0.031643     0.999441    -0.010748
   -0.094722     0.994978    -0.032335
   -0.157180     0.986082    -0.054197
   -0.218596     0.972810    -0.076528
   -0.278545     0.955252    -0.099534
   -0.336588     0.933526    -0.123445
   -0.392265     0.907783    -0.148521
   -0.445092     0.878207    -0.175060
   -0.494540     0.845017    -0.203412
   -0.540016     0.808473    -0.233994
   -0.580838     0.768879    -0.267307
   -0.616179     0.726591    -0.303956
   -0.645009     0.682030    -0.344671
   -0.665980     0.635703    -0.390324
   -0.677274     0.588224    -0.441919
   -0.676368     0.540362    -0.500535
   -0.659720     0.493094    -0.567123
   -0.622406     0.447697    -0.642010
   -0.557963     0.405851    -0.723853
   -0.459102     0.369727    -0.807792
   -0.320666     0.341965    -0.883308
   -0.145667     0.325323    -0.934316
    0.049158     0.321874    -0.945506
    0.237036     0.332097    -0.912976
    0.394921     0.354624    -0.847514
    0.513263     0.386918    -0.766065
    0.594032     0.426207    -0.682257
    0.644016     0.470068    -0.603556
    0.670284     0.516582    -0.532788
    0.678539     0.564286    -0.470283
    0.672974     0.612064    -0.415311
    0.656577     0.659052    -0.366820
    0.631483     0.704565    -0.323754
    0.599252     0.748047    -0.285172
    0.561056     0.789037    -0.250274
    0.517815     0.827147    -0.218395
    0.470274     0.862048    -0.188985
    0.419067     0.893461    -0.161587
    0.364752     0.921146    -0.135820
    0.307833     0.944901    -0.111361
    0.248781     0.964560    -0.087933
    0.188044     0.979988    -0.065291
    0.126055     0.991081    -0.043220
    0.063234     0.997767    -0.021519
    0.000000     1.000000    -0.000000
   -0.063234     0.997767     0.021519
   -0.126055     0.991081     0.043220
   -0.188044     0.979988     0.065291
   -0.248781     0.964560     0.087933
   -0.307833     0.944901     0.111361
   -0.364752     0.921146     0.135820
   -0.419067     0.893461     0.161587
   -0.470274     0.862048     0.188985
   -0.517815     0.827147     0.218395
   -0.561056     0.789037     0.250274
   -0.599252     0.748047     0.285172
   -0.631483     0.704565     0.323754
   -0.656577     0.659052     0.366820
   -0.672974     0.612064     0.415311
   -0.678539     0.564286     0.470283
   -0.670284     0.516582     0.532788
   -0.644016     0.470068     0.603556
   -0.594032     0.426207     0.682257
   -0.513263     0.386918     0.766065
   -0.394921     0.354624     0.847514
   -0.237036     0.332097     0.912976
   -0.049158     0.321874     0.945506
    0.145667     0.325323     0.934316
    0.320666     0.341965     0.883308
    0.459102     0.369727     0.807792
    0.557963     0.405851     0.723853
    0.622406     0.447697     0.642010
    0.659720     0.493094     0.567123
    0.676368     0.540362     0.500535
    0.677274     0.588224     0.441919
    0.665980     0.635703     0.390324
    0.645009     0.682030     0.344671
    0.616179     0.726591     0.303956
    0.580838     0.768879     0.267307
    0.540016     0.808473     0.233994
    0.494540     0.845017     0.203412
    0.445092     0.878207     0.175060
    0.392265     0.907783     0.148521
    0.336588     0.933526     0.123445
    0.278545     0.955252     0.099534
    0.218596     0.972810     0.076528
    0.157180     0.986082     0.054197
    0.094722     0.994978     0.032335
    0.031643     0.999441     0.010748
    0.000000     1.000000     0.000000
   -0.064359     0.997777    -0.017286
   -0.128349     0.991121    -0.034722
   -0.191600     0.980070    -0.052461
   -0.253738     0.964688    -0.070667
   -0.314385     0.945065    -0.089521
   -0.373154     0.921317    -0.109226
   -0.429647     0.893588    -0.130016
   -0.483443     0.862049    -0.152168
   -0.534092     0.826901    -0.176014
   -0.581094     0.788379    -0.201963
   -0.623875     0.746753    -0.230519
   -0.661745     0.702339    -0.262321
   -0.693832     0.655505    -0.298179
   -0.718973     0.606686    -0.339131
   -0.735541     0.556417    -0.386497
   -0.741150     0.505365    -0.441931
   -0.732178     0.454404    -0.507378
   -0.703013     0.404720    -0.584786
   -0.645072     0.357983    -0.675078
   -0.546243     0.316580    -0.775497
   -0.393382     0.283801    -0.874476
   -0.182961     0.263604    -0.947121
    0.062085     0.259355    -0.963784
    0.294711     0.271882    -0.916093
    0.477213     0.298872    -0.826404
    0.601637     0.336431    -0.724463
    0.678317     0.380854    -0.628360
    0.720574     0.429312    -0.544486
    0.738780     0.479808    -0.473274
    0.739905     0.530940    -0.413089
    0.728455     0.581695    -0.361917
    0.707359     0.631313    -0.317943
    0.678576     0.679199    -0.279684
    0.643474     0.724873    -0.245968
    0.603052     0.767935    -0.215878
    0.558082     0.808045    -0.188697
    0.509191     0.844912    -0.163856
    0.456909     0.878283    -0.140902
    0.401711     0.907940    -0.119469
    0.344029     0.933699    -0.099253
    0.284272     0.955400    -0.080001
    0.222832     0.972915    -0.061494
    0.160090     0.986141    -0.043543
    0.096424     0.995001    -0.025976
    0.032203     0.999444    -0.008634
   -0.032203     0.999444     0.008634
   -0.096424     0.995001     0.025976
   -0.160090     0.986141     0.043543
   -0.222832     0.972915     0.061494
   -0.284272     0.955400     0.080001
   -0.344029     0.933699     0.099253
   -0.401711     0.907940     0.119469
   -0.456909     0.878283     0.140902
   -0.509191     0.844912     0.163856
   -0.558082     0.808045     0.188697
   -0.603052     0.767935     0.215878
   -0.643474     0.724873     0.245968
   -0.678576     0.679199     0.279684
   -0.707359     0.631313     0.317943
   -0.728455     0.581695     0.361917
   -0.739905     0.530940     0.413089
   -0.738780     0.479808     0.473274
   -0.720574     0.429312     0.544486
   -0.678317     0.380854     0.628360
   -0.601637     0.336431     0.724463
   -0.477213     0.298872     0.826404
   -0.294711     0.271882     0.916093
   -0.062085     0.259355     0.963784
    0.182961     0.263604     0.947121
    0.393382     0.283801     0.874476
    0.546243     0.316580     0.775497
    0.645072     0.357983     0.675078
    0.703013     0.404720     0.584786
    0.732178     0.454404     0.507378
    0.741150     0.505365     0.441931
    0.735541     0.556417     0.386497
    0.718973     0.606686     0.339131
    0.693832     0.655505     0.298179
    0.661745     0.702339     0.262321
    0.623875     0.746753     0.230519
    0.581094     0.788379     0.201963
    0.534092     0.826901     0.176014
    0.483443     0.862049     0.152168
    0.429647     0.893588     0.130016
    0.373154     0.921317     0.109226
    0.314385     0.945065     0.089521
    0.253738     0.964688     0.070667
    0.191600     0.980070     0.052461
    0.128349     0.991121     0.034722
    0.064359     0.997777     0.017286
   -0.032841     0.999439    -0.006536
   -0.098352     0.994957    -0.019667
   -0.163351     0.986017    -0.032972
   -0.227496     0.972664    -0.046576
   -0.290445     0.954970    -0.060613
   -0.351852     0.933027    -0.075233
   -0.411370     0.906953    -0.090609
   -0.468645     0.876889    -0.106945
   -0.523311     0.843000    -0.124486
   -0.574981     0.805478    -0.143537
   -0.623237     0.764540    -0.164479
   -0.667608     0.720437    -0.187801
   -0.707534     0.673452    -0.214145
   -0.742307     0.623912    -0.244365
   -0.770975     0.572199    -0.279617
   -0.792157     0.518773    -0.321499
   -0.803709     0.464215    -0.372232
   -0.802086     0.409292    -0.434900
   -0.781104     0.355095    -0.513599
   -0.729593     0.303289    -0.612952
   -0.627757     0.256576    -0.734908
   -0.446092     0.219363    -0.867687
   -0.165818     0.197943    -0.966086
    0.165818     0.197943    -0.966086
    0.446092     0.219363    -0.867687
    0.627757     0.256576    -0.734908
    0.729593     0.303289    -0.612952
    0.781104     0.355095    -0.513599
    0.802086     0.409292    -0.434900
    0.803709     0.464215    -0.372232
    0.792157     0.518773    -0.321499
    0.770975     0.572199    -0.279617
    0.742307     0.623912    -0.244365
    0.707534     0.673452    -0.214145
    0.667608     0.720437    -0.187801
    0.623237     0.764540    -0.164479
    0.574981     0.805478    -0.143537
    0.523311     0.843000    -0.124486
    0.468645     0.876889    -0.106945
    0.411370     0.906953    -0.090609
    0.351852     0.933027    -0.075233
    0.290445     0.954970    -0.060613
    0.227496     0.972664    -0.046576
    0.163351     0.986017    -0.032972
    0.098352     0.994957    -0.019667
    0.032841     0.999439    -0.006536
   -0.032841     0.999439     0.006536
   -0.098352     0.994957     0.019667
   -0.163351     0.986017     0.032972
   -0.227496     0.972664     0.046576
   -0.290445     0.954970     0.060613
   -0.351852     0.933027     0.075233
   -0.411370     0.906953     0.090609
   -0.468645     0.876889     0.106945
   -0.523311     0.843000     0.124486
   -0.574981     0.805478     0.143537
   -0.623237     0.764540     0.164479
   -0.667608     0.720437     0.187801
   -0.707534     0.673452     0.214145
   -0.742307     0.623912     0.244365
   -0.770975     0.572199     0.279617
   -0.792157     0.518773     0.321499
   -0.803709     0.464215     0.372232
   -0.802086     0.409292     0.434900
   -0.781104     0.355095     0.513599
   -0.729593     0.303289     0.612952
   -0.627757     0.256576     0.734908
   -0.446092     0.219363     0.867687
   -0.165818     0.197943     0.966086
    0.165818     0.197943     0.966086
    0.446092     0.219363     0.867687
    0.627757     0.256576     0.734908
    0.729593     0.303289     0.612952
    0.781104     0.355095     0.513599
    0.802086     0.409292     0.434900
    0.803709     0.464215     0.372232
    0.792157     0.518773     0.321499
    0.770975     0.572199     0.279617
    0.742307     0.623912     0.244365
    0.707534     0.673452     0.214145
    0.667608     0.720437     0.187801
    0.623237     0.764540     0.164479
    0.574981     0.805478     0.143537
    0.523311     0.843000     0.124486
    0.468645     0.876889     0.106945
    0.411370     0.906953     0.090609
    0.351852     0.933027     0.075233
    0.290445     0.954970     0.060613
    0.227496     0.972664     0.046576
    0.163351     0.986017     0.032972
    0.098352     0.994957     0.019667
    0.032841     0.999439     0.006536
    0.000000     1.000000     0.000000
   -0.066357     0.997758    -0.008756
   -0.132396     0.991041    -0.017591
   -0.197798     0.979882    -0.026585
   -0.262247     0.964335    -0.035826
   -0.325429     0.944475    -0.045410
   -0.387031     0.920398    -0.055447
   -0.446739     0.892222    -0.066066
   -0.504244     0.860083    -0.077421
   -0.559232     0.824144    -0.089702
   -0.611384     0.784583    -0.103150
   -0.660366     0.741603    -0.118071
   -0.705821     0.695432    -0.134873
   -0.747344     0.646320    -0.154104
   -0.784444     0.594549    -0.176522
   -0.816476     0.540438    -0.203211
   -0.842504     0.484359    -0.235762
   -0.861025     0.426765    -0.276600
   -0.869364     0.368243    -0.329549
   -0.862242     0.309638    -0.400827
   -0.828123     0.252332    -0.500540
   -0.739580     0.198939    -0.642997
   -0.532956     0.155019    -0.831821
   -0.126139     0.131596    -0.983245
    0.355534     0.139852    -0.924141
    0.656977     0.175254    -0.733258
    0.793486     0.224899    -0.565510
    0.849717     0.280702    -0.446305
    0.868241     0.338883    -0.362376
    0.866710     0.397575    -0.301243
    0.852832     0.455719    -0.254948
    0.830316     0.512619    -0.218626
    0.801143     0.567764    -0.189248
    0.766482     0.620748    -0.164856
    0.727102     0.671226    -0.144143
    0.683559     0.718902    -0.126207
    0.636293     0.763507    -0.110403
    0.585683     0.804804    -0.096263
    0.532073     0.842578    -0.083432
    0.475787     0.876638    -0.071640
    0.417141     0.906814    -0.060675
    0.356447     0.932957    -0.050364
    0.294016     0.954939    -0.040568
    0.230161     0.972653    -0.031169
    0.165196     0.986014    -0.022062
    0.099436     0.994957    -0.013159
    0.033198     0.999439    -0.004373
   -0.033198     0.999439     0.004373
   -0.099436     0.994957     0.013159
   -0.165196     0.986014     0.022062
   -0.230161     0.972653     0.031169
   -0.294016     0.954939     0.040568
   -0.356447     0.932957     0.050364
   -0.417141     0.906814     0.060675
   -0.475787     0.876638     0.071640
   -0.532073     0.842578     0.083432
   -0.585683     0.804804     0.096263
   -0.636293     0.763507     0.110403
   -0.683559     0.718902     0.126207
   -0.727102     0.671226     0.144143
   -0.766482     0.620748     0.164856
   -0.801143     0.567764     0.189248
   -0.830316     0.512619     0.218626
   -0.852832     0.455719     0.254948
   -0.866710     0.397575     0.301243
   -0.868241     0.338883     0.362376
   -0.849717     0.280702     0.446305
   -0.793486     0.224899     0.565510
   -0.656977     0.175254     0.733258
   -0.355534     0.139852     0.924141
    0.126139     0.131596     0.983245
    0.532956     0.155019     0.831821
    0.739580     0.198939     0.642997
    0.828123     0.252332     0.500540
    0.862242     0.309638     0.400827
    0.869364     0.368243     0.329549
    0.861025     0.426765     0.276600
    0.842504     0.484359     0.235762
    0.816476     0.540438     0.203211
    0.784444     0.594549     0.176522
    0.747344     0.646320     0.154104
    0.705821     0.695432     0.134873
    0.660366     0.741603     0.118071
    0.611384     0.784583     0.103150
    0.559232     0.824144     0.089702
    0.504244     0.860083     0.077421
    0.446739     0.892222     0.066066
    0.387031     0.920398     0.055447
    0.325429     0.944475     0.045410
    0.262247     0.964335     0.035826
    0.197798     0.979882     0.026585
    0.132396     0.991041     0.017591
    0.066357     0.997758     0.008756
   -0.033272     0.999444    -0.002182
   -0.099665     0.994999    -0.006565
   -0.165608     0.986130    -0.011008
   -0.230800     0.972877    -0.015551
   -0.294948     0.955299    -0.020241
   -0.357757     0.933477    -0.025128
   -0.418941     0.907509    -0.030271
   -0.478219     0.877513    -0.035742
   -0.535314     0.843627    -0.041626
   -0.589958     0.806004    -0.048030
   -0.641886     0.764819    -0.055092
   -0.690838     0.720260    -0.062992
   -0.736556     0.672536    -0.071970
   -0.778776     0.621872    -0.082362
   -0.817214     0.568510    -0.094643
   -0.851545     0.512714    -0.109520
   -0.881350     0.454772    -0.128083
   -0.905998     0.395006    -0.152110
   -0.924374     0.333793    -0.184702
   -0.934088     0.271621    -0.231735
   -0.928868     0.209244    -0.305650
   -0.887459     0.148213    -0.436405
   -0.710631     0.093380    -0.697341
   -0.000000     0.065403    -0.997859
    0.710631     0.093380    -0.697341
    0.887459     0.148213    -0.436405
    0.928868     0.209244    -0.305650
    0.934088     0.271621    -0.231735
    0.924374     0.333793    -0.184702
    0.905998     0.395006    -0.152110
    0.881350     0.454772    -0.128083
    0.851545     0.512714    -0.109520
    0.817214     0.568510    -0.094643
    0.778776     0.621872    -0.082362
    0.736556     0.672536    -0.071970
    0.690838     0.720260    -0.062992
    0.641886     0.764819    -0.055092
    0.589958     0.806004    -0.048030
    0.535314     0.843627    -0.041626
    0.478219     0.877513    -0.035742
    0.418941     0.907509    -0.030271
    0.357757     0.933477    -0.025128
    0.294948     0.955299    -0.020241
    0.230800     0.972877    -0.015551
    0.165608     0.986130    -0.011008
    0.099665     0.994999    -0.006565
    0.033272     0.999444    -0.002182
   -0.033272     0.999444     0.002182
   -0.099665     0.994999     0.006565
   -0.165608     0.986130     0.011008
   -0.230800     0.972877     0.015551
   -0.294948     0.955299     0.020241
   -0.357757     0.933477     0.025128
   -0.418941     0.907509     0.030271
   -0.478219     0.877513     0.035742
   -0.535314     0.843627     0.041626
   -0.589958     0.806004     0.048030
   -0.641886     0.764819     0.055092
   -0.690838     0.720260     0.062992
   -0.736556     0.672536     0.071970
   -0.778776     0.621872     0.082362
   -0.817214     0.568510     0.094643
   -0.851545     0.512714     0.109520
   -0.881350     0.454772     0.128083
   -0.905998     0.395006     0.152110
   -0.924374     0.333793     0.184702
   -0.934088     0.271621     0.231735
   -0.928868     0.209244     0.305650
   -0.887459     0.148213     0.436405
   -0.710631     0.093380     0.697341
   -0.000000     0.065403     0.997859
    0.710631     0.093380     0.697341
    0.887459     0.148213     0.436405
    0.928868     0.209244     0.305650
    0.934088     0.271621     0.231735
    0.924374     0.333793     0.184702
    0.905998     0.395006     0.152110
    0.881350     0.454772     0.128083
    0.851545     0.512714     0.109520
    0.817214     0.568510     0.094643
    0.778776     0.621872     0.082362
    0.736556     0.672536     0.071970
    0.690838     0.720260     0.062992
    0.641886     0.764819     0.055092
    0.589958     0.806004     0.048030
    0.535314     0.843627     0.041626
    0.478219     0.877513     0.035742
    0.418941     0.907509     0.030271
    0.357757     0.933477     0.025128
    0.294948     0.955299     0.020241
    0.230800     0.972877     0.015551
    0.165608     0.986130     0.011008
    0.099665     0.994999     0.006565
    0.033272     0.999444     0.002182
    0.000000     1.000000     0.000000
   -0.066793     0.997767     0.000000
   -0.133287     0.991077     0.000000
   -0.199186     0.979962     0.000000
   -0.264195     0.964469     0.000000
   -0.328025     0.944669     0.000000
   -0.390389     0.920650     0.000000
   -0.451010     0.892519     0.000000
   -0.509617     0.860402     0.000000
   -0.565947     0.824442     0.000000
   -0.619750     0.784799     0.000000
   -0.670785     0.741652     0.000000
   -0.718824     0.695192     0.000000
   -0.763652     0.645628     0.000000
   -0.805070     0.593180     0.000000
   -0.842892     0.538082     0.000000
   -0.876950     0.480582     0.000000
   -0.907091     0.420935     0.000000
   -0.933181     0.359408     0.000000
   -0.955102     0.296276     0.000000
   -0.972759     0.231820     0.000000
   -0.986070     0.166329     0.000000
   -0.994978     0.100096     0.000000
   -0.999442     0.033415     0.000000
    0.999442     0.033415     0.000000
    0.994978     0.100096     0.000000
    0.986070     0.166329     0.000000
    0.972759     0.231820     0.000000
    0.955102     0.296276     0.000000
    0.933181     0.359408     0.000000
    0.907091     0.420935     0.000000
    0.876950     0.480582     0.000000
    0.842892     0.538082     0.000000
    0.805070     0.593180     0.000000
    0.763652     0.645628     0.000000
    0.718824     0.695192     0.000000
    0.670785     0.741652     0.000000
    0.619750     0.784799     0.000000
    0.565947     0.824442     0.000000
    0.509617     0.860402     0.000000
    0.451010     0.892519     0.000000
    0.390389     0.920650     0.000000
    0.328025     0.944669     0.000000
    0.264195     0.964469     0.000000
    0.199186     0.979962     0.000000
    0.133287     0.991077     0.000000
    0.066793     0.997767     0.000000
    0.000000     1.000000     0.000000
   -0.066793     0.997767     0.000000
   -0.133287     0.991077     0.000000
   -0.199186     0.979962     0.000000
   -0.264195     0.964469     0.000000
   -0.328025     0.944669     0.000000
   -0.390389     0.920650     0.000000
   -0.451010     0.892519     0.000000
   -0.509617     0.860402     0.000000
   -0.565947     0.824442     0.000000
   -0.619750     0.784799     0.000000
   -0.670785     0.741652     0.000000
   -0.718824     0.695192     0.000000
   -0.763652     0.645628     0.000000
   -0.805070     0.593180     0.000000
   -0.842892     0.538082     0.000000
   -0.876950     0.480582     0.000000
   -0.907091     0.420935     0.000000
   -0.933181     0.359408     0.000000
   -0.955102     0.296276     0.000000
   -0.972759     0.231820     0.000000
   -0.986070     0.166329     0.000000
   -0.994978     0.100096     0.000000
   -0.999442     0.033415     0.000000
    0.999442     0.033415     0.000000
    0.994978     0.100096     0.000000
    0.986070     0.166329     0.000000
    0.972759     0.231820     0.000000
    0.955102     0.296276     0.000000
    0.933181     0.359408     0.000000
    0.907091     0.420935     0.000000
    0.876950     0.480582     0.000000
    0.842892     0.538082     0.000000
    0.805070     0.593180     0.000000
    0.763652     0.645628     0.000000
    0.718824     0.695192     0.000000
    0.670785     0.741652     0.000000
    0.619750     0.784799     0.000000
    0.565947     0.824442     0.000000
    0.509617     0.860402     0.000000
    0.451010     0.892519     0.000000
    0.390389     0.920650     0.000000
    0.328025     0.944669     0.000000
    0.264195     0.964469     0.000000
    0.199186     0.979962     0.000000
    0.133287     0.991077     0.000000
    0.066793     0.997767     0.000000
