    0.024474     0.999576     0.015776
    0.056956     0.997714     0.036360
    0.079571     0.995502     0.051429
    0.110882     0.991210     0.072166
    0.141683     0.985585     0.092453
    0.162935     0.980841     0.106782
    0.190376     0.973714     0.125053
    0.206062     0.968748     0.138077
    0.235017     0.959265     0.156770
    0.247618     0.954131     0.168282
    0.268429     0.945009     0.186824
    0.295368     0.932867     0.206198
    0.309032     0.925703     0.218111
    0.329658     0.914342     0.235167
    0.336798     0.908942     0.245746
    0.358855     0.895608     0.262886
    0.362628     0.890841     0.273685
    0.378817     0.877285     0.294735
    0.402063     0.859659     0.315170
    0.405351     0.853029     0.328681
    0.422847     0.838707     0.343177
    0.428772     0.834020     0.347225
    0.431802     0.826551     0.361056
    0.445860     0.812051     0.376540
    0.446871     0.804304     0.391666
    0.459315     0.790127     0.405869
    0.458901     0.781498     0.422694
    0.469497     0.767572     0.436355
    0.467511     0.758096     0.454670
    0.475673     0.744742     0.468075
    0.470508     0.729548     0.496368
    0.465218     0.716394     0.519954
    0.476081     0.700239     0.531989
    0.461573     0.691415     0.555784
    0.468177     0.676364     0.568632
    0.452697     0.666379     0.592456
    0.452757     0.652627     0.607527
    0.430232     0.636714     0.639919
    0.408817     0.622891     0.666990
    0.404360     0.608822     0.682516
    0.367033     0.595129     0.714918
    0.331712     0.582033     0.742431
    0.309963     0.569108     0.761603
    0.256647     0.557368     0.789603
    0.172266     0.544688     0.820756
    0.120786     0.531828     0.838195
    0.036159     0.531397     0.846351
   -0.053362     0.531597     0.845315
   -0.141402     0.540509     0.829370
   -0.202481     0.547822     0.811722
   -0.267162     0.559454     0.784624
   -0.319298     0.571257     0.756118
   -0.340511     0.584707     0.736322
   -0.372952     0.597444     0.709907
   -0.409550     0.611603     0.676913
   -0.413696     0.625679     0.661349
   -0.433727     0.639258     0.635004
   -0.455374     0.656199     0.601695
   -0.455739     0.669880     0.586143
   -0.469539     0.679121     0.564206
   -0.463735     0.694339     0.550313
   -0.476494     0.702684     0.528382
   -0.466390     0.719078     0.515177
   -0.477755     0.726112     0.494481
   -0.463974     0.744193     0.480525
   -0.474065     0.750216     0.460911
   -0.458027     0.768681     0.446476
   -0.457766     0.780628     0.425524
   -0.457937     0.792624     0.402543
   -0.446319     0.806561     0.387633
   -0.444282     0.814222     0.373705
   -0.439525     0.818364     0.370267
   -0.422456     0.834017     0.354890
   -0.420997     0.840654     0.340680
   -0.398991     0.858980     0.320874
   -0.399104     0.862401     0.311417
   -0.377100     0.879131     0.291417
   -0.360666     0.892517     0.270801
   -0.356026     0.897551     0.260093
   -0.334943     0.910403     0.242858
   -0.325227     0.916960     0.231108
   -0.300672     0.929306     0.214445
   -0.288863     0.935873     0.201743
   -0.262674     0.947412     0.182790
   -0.240706     0.956686     0.163748
   -0.226597     0.962194     0.151116
   -0.202442     0.969859     0.135611
   -0.181822     0.975964     0.120145
   -0.151696     0.983266     0.100876
   -0.124461     0.988908     0.081055
   -0.110151     0.991406     0.070577
   -0.089569     0.994312     0.057634
   -0.077297     0.995805     0.048956
   -0.052329     0.998071     0.033403
    0.025590     0.999548    -0.015782
    0.069224     0.996629    -0.044029
    0.083113     0.995102    -0.053520
    0.105473     0.992084    -0.068156
    0.121322     0.989457    -0.079090
    0.144220     0.984878    -0.095996
    0.177499     0.976988    -0.118275
    0.195569     0.971868    -0.131241
    0.222857     0.963232    -0.150062
    0.238481     0.957578    -0.161775
    0.261893     0.948371    -0.178899
    0.273129     0.942976    -0.190255
    0.294882     0.932079    -0.210410
    0.322615     0.917873    -0.231146
    0.334395     0.911980    -0.237638
    0.342856     0.905663    -0.249448
    0.359891     0.893180    -0.269644
    0.381324     0.878235    -0.288610
    0.383836     0.873797    -0.298579
    0.404774     0.858122    -0.315889
    0.404987     0.853579    -0.327701
    0.425548     0.837002    -0.344001
    0.423280     0.832313    -0.357894
    0.434829     0.815917    -0.381055
    0.454263     0.795137    -0.401749
    0.448579     0.792634    -0.412928
    0.466070     0.771733    -0.432674
    0.458603     0.768887    -0.445529
    0.474063     0.747987    -0.464520
    0.465168     0.744336    -0.479148
    0.477826     0.723885    -0.497666
    0.467544     0.719417    -0.513655
    0.476634     0.699891    -0.531952
    0.465251     0.694521    -0.548801
    0.469917     0.676143    -0.567458
    0.466407     0.676259    -0.570209
    0.435838     0.654533    -0.617763
    0.441542     0.630428    -0.638436
    0.417379     0.625567    -0.659136
    0.411384     0.608848    -0.678283
    0.396006     0.607396    -0.688657
    0.349068     0.587787    -0.729834
    0.327581     0.570051    -0.753480
    0.274794     0.559238    -0.782139
    0.231636     0.551830    -0.801142
    0.169451     0.543140    -0.822366
    0.086246     0.536340    -0.839584
   -0.003801     0.534019    -0.845464
   -0.093047     0.536770    -0.838582
   -0.176116     0.544015    -0.820384
   -0.247818     0.554698    -0.794289
   -0.296789     0.565616    -0.769412
   -0.326886     0.579458    -0.746575
   -0.362699     0.591869    -0.719820
   -0.398612     0.606456    -0.687982
   -0.406517     0.619878    -0.671189
   -0.434533     0.629246    -0.644383
   -0.429917     0.644887    -0.631896
   -0.447235     0.659235    -0.604475
   -0.466803     0.673466    -0.573182
   -0.461521     0.688197    -0.559807
   -0.475369     0.697516    -0.536187
   -0.465646     0.713528    -0.523500
   -0.477882     0.721520    -0.501036
   -0.464885     0.738452    -0.488438
   -0.467788     0.751186    -0.465718
   -0.470307     0.765377    -0.439328
   -0.460857     0.778629    -0.425850
   -0.460858     0.787488    -0.409234
   -0.449048     0.801578    -0.394751
   -0.447427     0.809898    -0.379308
   -0.434592     0.823530    -0.364594
   -0.431421     0.830989    -0.351188
   -0.425272     0.835801    -0.347246
   -0.403820     0.853951    -0.328174
   -0.404661     0.857250    -0.318390
   -0.382631     0.874257    -0.298776
   -0.366415     0.888113    -0.277480
   -0.362537     0.893263    -0.265797
   -0.340836     0.906514    -0.249125
   -0.333237     0.912220    -0.238345
   -0.312862     0.923658    -0.221300
   -0.300311     0.930464    -0.209880
   -0.273849     0.942661    -0.190782
   -0.252489     0.952248    -0.171678
   -0.239680     0.957581    -0.159973
   -0.223844     0.962881    -0.150841
   -0.193515     0.972488    -0.129691
   -0.170501     0.978982    -0.111906
   -0.148370     0.984190    -0.096729
   -0.116444     0.990301    -0.075791
   -0.085006     0.994866    -0.054920
   -0.063750     0.997137    -0.040673
   -0.031523     0.999296    -0.020317
   -0.005409     0.999979    -0.003443
    0.091757     0.537680     0.838141
   -0.006611     0.534795     0.844956
   -0.079812     0.536554     0.840083
    0.281738     0.570248     0.771648
    0.215311     0.557475     0.801787
    0.132899     0.549999     0.824524
    0.039593     0.546687     0.836400
   -0.052034     0.546886     0.835589
   -0.146729     0.548739     0.823017
   -0.224775     0.559319     0.797896
   -0.290779     0.572556     0.766568
    0.373716     0.609299     0.699351
    0.322555     0.591661     0.738847
    0.247276     0.579662     0.776432
    0.170252     0.569105     0.804446
    0.084548     0.562699     0.822327
   -0.006526     0.560700     0.827993
   -0.095413     0.563346     0.820693
   -0.179342     0.570442     0.801518
   -0.256516     0.581155     0.772307
   -0.329777     0.593862     0.733877
   -0.379861     0.612129     0.693544
    0.430792     0.651725     0.624238
    0.397496     0.632331     0.664947
    0.342670     0.616298     0.709051
    0.279458     0.601353     0.748517
    0.206319     0.589295     0.781130
    0.126485     0.580800     0.804160
    0.038789     0.576496     0.816179
   -0.050653     0.576905     0.815240
   -0.135555     0.581748     0.801994
   -0.216499     0.590644     0.777347
   -0.287467     0.603017     0.744133
   -0.349169     0.618528     0.703921
   -0.402673     0.634981     0.659283
   -0.434316     0.654406     0.618969
    0.443861     0.675994     0.588234
    0.408010     0.657851     0.633057
    0.363242     0.640217     0.676888
    0.308123     0.624312     0.717840
    0.240542     0.610522     0.754587
    0.164637     0.600358     0.782601
    0.082556     0.594020     0.800203
   -0.006087     0.592124     0.805824
   -0.092205     0.594646     0.798683
   -0.174795     0.601332     0.779645
   -0.249403     0.612043     0.750468
   -0.314506     0.626109     0.713494
   -0.369930     0.642671     0.670914
   -0.412908     0.660135     0.627478
   -0.446871     0.678391     0.583174
    0.451184     0.701669     0.551447
    0.418610     0.682868     0.598713
    0.379964     0.664966     0.642999
    0.331253     0.648315     0.685536
    0.271219     0.633253     0.724866
    0.200617     0.621487     0.757302
    0.121990     0.613027     0.780588
    0.038301     0.608534     0.792603
   -0.049082     0.608949     0.791689
   -0.132146     0.613700     0.778402
   -0.210073     0.622661     0.753765
   -0.278097     0.634808     0.720889
   -0.337732     0.650315     0.680461
   -0.385575     0.667591     0.636910
   -0.422666     0.685416     0.592924
   -0.453392     0.704227     0.546351
    0.461733     0.744780     0.481773
    0.451956     0.726385     0.517784
    0.425010     0.708437     0.563457
    0.392396     0.690519     0.607625
    0.349891     0.673193     0.651450
    0.296724     0.657168     0.692882
    0.233503     0.643840     0.728661
    0.159158     0.633781     0.756961
    0.078741     0.627487     0.774635
   -0.005333     0.625332     0.780341
   -0.089158     0.627984     0.773102
   -0.168949     0.634930     0.753870
   -0.240948     0.645419     0.724829
   -0.303480     0.658806     0.688385
   -0.355859     0.675036     0.646290
   -0.397152     0.692731     0.601992
   -0.428391     0.710885     0.557784
   -0.454599     0.730009     0.510320
    0.457194     0.767204     0.449857
    0.445752     0.751579     0.486245
    0.427263     0.733856     0.528111
    0.400554     0.716041     0.571701
    0.364257     0.698564     0.615894
    0.317562     0.682031     0.658778
    0.260754     0.667555     0.697408
    0.194296     0.655765     0.729535
    0.117410     0.647513     0.752955
    0.036502     0.643646     0.764452
   -0.046820     0.643978     0.763610
   -0.126997     0.648684     0.750387
   -0.202457     0.657431     0.725807
   -0.268532     0.669239     0.692827
   -0.324263     0.683618     0.653851
   -0.369458     0.700265     0.610843
   -0.404257     0.718010     0.566602
   -0.429901     0.736086     0.522841
   -0.451500     0.755162     0.475266
    0.447813     0.790780     0.417289
    0.439589     0.775875     0.452525
    0.425339     0.758970     0.493003
    0.404138     0.741648     0.535380
    0.374309     0.724193     0.579170
    0.334269     0.707408     0.622767
    0.283846     0.692321     0.663418
    0.223458     0.679397     0.698918
    0.153552     0.669469     0.726796
    0.076001     0.663349     0.744441
   -0.004763     0.661546     0.749890
   -0.085505     0.663977     0.742848
   -0.162179     0.670552     0.723918
   -0.231956     0.680944     0.694631
   -0.291053     0.694207     0.658305
   -0.339556     0.709651     0.617331
   -0.378414     0.726380     0.573738
   -0.407249     0.743496     0.530436
   -0.427794     0.760842     0.487966
   -0.443527     0.778337     0.444383
   -0.445341     0.795594     0.410733
    0.435124     0.813529     0.385795
    0.430306     0.799413     0.419255
    0.420207     0.783414     0.457917
    0.403604     0.766877     0.499003
    0.379364     0.750038     0.541780
    0.345969     0.733552     0.584985
    0.302406     0.717916     0.627014
    0.248646     0.704159     0.665083
    0.185287     0.693034     0.696687
    0.112728     0.685008     0.719762
    0.035177     0.680951     0.731484
   -0.045011     0.680995     0.730903
   -0.121615     0.685355     0.717982
   -0.193458     0.694013     0.693484
   -0.256169     0.705854     0.660415
   -0.308206     0.719824     0.621983
   -0.350659     0.735664     0.579514
   -0.382880     0.752276     0.536175
   -0.405957     0.769109     0.493630
   -0.421586     0.785581     0.452911
   -0.431125     0.801334     0.414722
   -0.437940     0.813589     0.382469
    0.422825     0.833499     0.355667
    0.417890     0.822056     0.386772
    0.411409     0.807115     0.423448
    0.399461     0.791388     0.462748
    0.380405     0.775393     0.504042
    0.353185     0.759406     0.546409
    0.316206     0.744100     0.588497
    0.268874     0.729695     0.628691
    0.212348     0.717387     0.663524
    0.145892     0.707912     0.691068
    0.072329     0.701957     0.708537
   -0.004884     0.700238     0.713892
   -0.081914     0.702582     0.706873
   -0.153634     0.708846     0.688429
   -0.219926     0.718892     0.659414
   -0.275801     0.731303     0.623802
   -0.321260     0.745522     0.583943
   -0.356980     0.761372     0.541182
   -0.382812     0.777568     0.498841
   -0.401027     0.793780     0.457265
   -0.412369     0.809225     0.418457
   -0.418851     0.826473     0.376174
    0.403100     0.846092     0.348766
    0.399529     0.829882     0.389451
    0.391224     0.815565     0.426378
    0.376806     0.800693     0.465734
    0.355152     0.785337     0.507062
    0.325178     0.770151     0.548750
    0.284676     0.755726     0.589777
    0.234261     0.742989     0.626969
    0.174871     0.732371     0.658068
    0.106522     0.724689     0.680793
    0.033328     0.720702     0.692444
   -0.042436     0.721134     0.691494
   -0.115238     0.725462     0.678547
   -0.182555     0.733050     0.655219
   -0.241929     0.744047     0.622788
   -0.290375     0.757156     0.585147
   -0.329171     0.771763     0.544085
   -0.358311     0.786938     0.502337
   -0.379011     0.802343     0.461082
   -0.392681     0.817350     0.421593
   -0.400210     0.831695     0.384858
   -0.403490     0.847856     0.344001
    0.385124     0.866728     0.316957
    0.384563     0.851709     0.355954
    0.379595     0.838661     0.390584
    0.369434     0.824987     0.427687
    0.352866     0.810512     0.467499
    0.328534     0.795882     0.508563
    0.295629     0.781577     0.549310
    0.252112     0.768539     0.588037
    0.198780     0.757311     0.622066
    0.136530     0.748105     0.649383
    0.067851     0.742628     0.666258
   -0.004172     0.741053     0.671433
   -0.076937     0.743274     0.664548
   -0.144999     0.749144     0.646343
   -0.206379     0.758311     0.618363
   -0.257991     0.770028     0.583521
   -0.299668     0.783350     0.544575
   -0.331988     0.797708     0.503433
   -0.355235     0.812103     0.462922
   -0.371167     0.826570     0.423103
   -0.380528     0.840303     0.386121
   -0.384933     0.853224     0.351902
   -0.384471     0.868142     0.313866
    0.364254     0.884914     0.290252
    0.367256     0.871972     0.323711
    0.365020     0.860366     0.355711
    0.358499     0.847943     0.390476
    0.346423     0.834611     0.428270
    0.327492     0.820906     0.467827
    0.300563     0.806887     0.508522
    0.265028     0.793943     0.547188
    0.218331     0.782256     0.583444
    0.162344     0.772482     0.613935
    0.099791     0.766155     0.634860
    0.031293     0.763196     0.645408
   -0.039481     0.763281     0.644859
   -0.107932     0.766933     0.632585
   -0.170208     0.774020     0.609854
   -0.224596     0.783983     0.578728
   -0.269321     0.795684     0.542544
   -0.304283     0.808752     0.503321
   -0.330206     0.822638     0.462851
   -0.348289     0.836225     0.423582
   -0.359655     0.849441     0.386131
   -0.365549     0.861867     0.351511
   -0.367285     0.873387     0.319838
   -0.363535     0.886156     0.287348
    0.345668     0.900344     0.264375
    0.347599     0.890913     0.292317
    0.347807     0.880556     0.321949
    0.344309     0.869548     0.354032
    0.336000     0.857701     0.389169
    0.321921     0.845164     0.426690
    0.300254     0.832396     0.465794
    0.270919     0.819806     0.504500
    0.232785     0.808034     0.541195
    0.183515     0.797870     0.574217
    0.127065     0.790583     0.599027
    0.063639     0.785749     0.615263
   -0.004264     0.783810     0.620986
   -0.071310     0.786073     0.614006
   -0.134741     0.791334     0.596352
   -0.190416     0.799032     0.570342
   -0.237511     0.809584     0.536807
   -0.275145     0.821328     0.499715
   -0.303445     0.833837     0.461126
   -0.323940     0.846768     0.421957
   -0.337463     0.859138     0.384708
   -0.344989     0.870880     0.350071
   -0.347902     0.881950     0.318008
   -0.347416     0.892117     0.288843
   -0.344723     0.901444     0.261849
    0.321389     0.916773     0.237141
    0.326023     0.908300     0.262106
    0.327816     0.899458     0.288985
    0.326730     0.889895     0.318330
    0.321940     0.879448     0.350609
    0.311965     0.868234     0.385807
    0.295867     0.856600     0.422728
    0.271796     0.845020     0.460510
    0.240106     0.833852     0.497031
    0.199281     0.823261     0.531533
    0.149329     0.815204     0.559592
    0.091504     0.809054     0.580568
    0.028238     0.805535     0.591875
   -0.035868     0.805884     0.590985
   -0.099119     0.809507     0.578683
   -0.156076     0.816156     0.556354
   -0.204320     0.824919     0.527030
   -0.244668     0.835250     0.492439
   -0.275235     0.846416     0.455878
   -0.298073     0.858111     0.418088
   -0.313671     0.869634     0.381244
   -0.322821     0.880688     0.346662
   -0.327201     0.891034     0.314640
   -0.327903     0.900525     0.285542
   -0.325462     0.909423     0.258890
   -0.323510     0.916019     0.237173
    0.300508     0.929088     0.215617
    0.303219     0.923861     0.233537
    0.306443     0.916380     0.257564
    0.307073     0.908261     0.284196
    0.304856     0.899300     0.313563
    0.298503     0.889586     0.345736
    0.286653     0.879382     0.380154
    0.268424     0.868887     0.415913
    0.242366     0.858380     0.452154
    0.208502     0.848694     0.486051
    0.165861     0.840133     0.516398
    0.114867     0.833206     0.540901
    0.056977     0.828991     0.556352
   -0.003642     0.827937     0.560809
   -0.064656     0.829123     0.555314
   -0.121440     0.833654     0.538770
   -0.170972     0.841196     0.512990
   -0.213405     0.849942     0.481723
   -0.246367     0.859658     0.447539
   -0.270874     0.870065     0.411842
   -0.288683     0.880634     0.375695
   -0.299562     0.890806     0.341653
   -0.305247     0.900491     0.309743
   -0.307029     0.909388     0.280619
   -0.305668     0.917552     0.254295
   -0.301264     0.926108     0.227078
    0.278219     0.938868     0.202785
    0.282530     0.931964     0.227200
    0.285207     0.924950     0.251248
    0.285167     0.917313     0.277878
    0.281758     0.909064     0.306946
    0.273788     0.900327     0.338307
    0.260052     0.891255     0.371535
    0.239815     0.881773     0.406159
    0.212279     0.872649     0.439797
    0.176556     0.864630     0.470364
    0.132491     0.857391     0.497319
    0.081675     0.852361     0.516536
    0.025678     0.850250     0.525752
   -0.032858     0.850326     0.525229
   -0.088200     0.853192     0.514086
   -0.138092     0.858152     0.494476
   -0.181441     0.865125     0.467588
   -0.216457     0.873900     0.435254
   -0.242775     0.882804     0.402141
   -0.262299     0.892203     0.367658
   -0.275064     0.901444     0.334273
   -0.282085     0.910205     0.303240
   -0.284983     0.918540     0.273986
   -0.284860     0.925888     0.248164
   -0.281946     0.932776     0.224578
   -0.276349     0.939951     0.200306
    0.251524     0.951305     0.178201
    0.257312     0.945770     0.198269
    0.260800     0.940128     0.219416
    0.262540     0.933808     0.243055
    0.261465     0.926950     0.269074
    0.256871     0.919559     0.297371
    0.247624     0.911648     0.327994
    0.232532     0.903336     0.360434
    0.210552     0.895299     0.392565
    0.181713     0.887811     0.422815
    0.144550     0.880964     0.450565
    0.100258     0.875554     0.472603
    0.050896     0.872146     0.486591
   -0.003341     0.871138     0.491026
   -0.057069     0.872500     0.485270
   -0.106246     0.876085     0.470305
   -0.149652     0.881556     0.447731
   -0.185785     0.888493     0.419601
   -0.214094     0.896177     0.388627
   -0.234819     0.904200     0.356768
   -0.249053     0.912624     0.324175
   -0.257372     0.920564     0.293806
   -0.261767     0.927841     0.265685
   -0.262458     0.934626     0.239981
   -0.259751     0.941094     0.216498
   -0.254980     0.947028     0.195252
   -0.247210     0.953009     0.175104
    0.231317     0.959840     0.158741
    0.231876     0.957540     0.171322
    0.235798     0.953101     0.189732
    0.238227     0.948216     0.210080
    0.238872     0.942701     0.232927
    0.236584     0.936788     0.257790
    0.230708     0.930293     0.285183
    0.220223     0.923310     0.314644
    0.203793     0.916216     0.344987
    0.181002     0.909459     0.374329
    0.150982     0.903062     0.402098
    0.113401     0.897579     0.426019
    0.070364     0.893950     0.442609
    0.022280     0.891984     0.451518
   -0.028393     0.892158     0.450830
   -0.076133     0.894124     0.441301
   -0.118692     0.898005     0.423674
   -0.154747     0.903802     0.398993
   -0.184384     0.910412     0.370341
   -0.206115     0.917151     0.341102
   -0.221652     0.924191     0.311034
   -0.231504     0.931148     0.281725
   -0.237108     0.937479     0.254779
   -0.238547     0.943580     0.229680
   -0.236217     0.949491     0.206565
   -0.232356     0.954711     0.185843
   -0.228086     0.959028     0.168055
   -0.225908     0.961715     0.155145
    0.205108     0.968018     0.144473
    0.209986     0.964226     0.161784
    0.213013     0.960474     0.179206
    0.214362     0.956357     0.198571
    0.214088     0.951620     0.220423
    0.210847     0.946548     0.244112
    0.203631     0.941085     0.269988
    0.191910     0.935175     0.297688
    0.174651     0.929348     0.325284
    0.151036     0.923828     0.351753
    0.120569     0.918779     0.375909
    0.084101     0.914992     0.394608
    0.042644     0.912557     0.406719
   -0.002813     0.911543     0.411196
   -0.048050     0.912717     0.405758
   -0.089071     0.915497     0.392342
   -0.124334     0.919423     0.373099
   -0.153899     0.924732     0.348117
   -0.176718     0.930576     0.320622
   -0.193118     0.936253     0.293490
   -0.204594     0.941859     0.266540
   -0.211155     0.947256     0.241080
   -0.213030     0.952710     0.216706
   -0.211729     0.957745     0.194667
   -0.209424     0.962001     0.175203
   -0.206829     0.965446     0.158541
   -0.203685     0.968519     0.143122
    0.179652     0.976137     0.121988
    0.183047     0.973749     0.135300
    0.186459     0.970949     0.149973
    0.188631     0.967876     0.166236
    0.189362     0.964356     0.184825
    0.188223     0.960466     0.205127
    0.184090     0.956198     0.227587
    0.175940     0.951722     0.251536
    0.162968     0.947275     0.275883
    0.145133     0.942739     0.300298
    0.121439     0.938208     0.324065
    0.091789     0.934484     0.343968
    0.057164     0.931900     0.358183
    0.017808     0.930549     0.365734
   -0.022863     0.930612     0.365293
   -0.061680     0.932180     0.356703
   -0.095561     0.935069     0.341341
   -0.124606     0.938611     0.321687
   -0.148125     0.942915     0.298279
   -0.165078     0.947676     0.273238
   -0.177136     0.952333     0.248365
   -0.183794     0.957094     0.224033
   -0.186278     0.961748     0.200850
   -0.186732     0.965646     0.180718
   -0.186241     0.968863     0.163151
   -0.184732     0.971646     0.147572
   -0.181846     0.974210     0.133593
   -0.180317     0.975964     0.122390
    0.152486     0.983093     0.101374
    0.155822     0.981557     0.110751
    0.159261     0.979586     0.122664
    0.161626     0.977448     0.135910
    0.163397     0.974876     0.151388
    0.163481     0.972056     0.168469
    0.161190     0.969116     0.186633
    0.156337     0.965685     0.207393
    0.147764     0.962195     0.228796
    0.134523     0.958661     0.250742
    0.116662     0.955050     0.272525
    0.093402     0.952065     0.291287
    0.065364     0.949718     0.306207
    0.033203     0.948063     0.316344
   -0.002230     0.947593     0.319473
   -0.037290     0.948269     0.315270
   -0.069125     0.949924     0.304739
   -0.096524     0.952395     0.289184
   -0.119381     0.955456     0.269913
   -0.136677     0.958928     0.248547
   -0.148510     0.962755     0.225938
   -0.155605     0.966643     0.203443
   -0.159377     0.970141     0.182829
   -0.161525     0.973026     0.164711
   -0.162074     0.975474     0.148937
   -0.160704     0.977840     0.134175
   -0.157634     0.980096     0.120676
   -0.152149     0.982620     0.106344
    0.127783     0.988030     0.086416
    0.131944     0.986444     0.097562
    0.134542     0.984992     0.108113
    0.136442     0.983311     0.120346
    0.137349     0.981407     0.134074
    0.136265     0.979488     0.148444
    0.133447     0.977192     0.165188
    0.128123     0.974695     0.183176
    0.119135     0.972217     0.201497
    0.106018     0.969745     0.219898
    0.088868     0.967430     0.237025
    0.067316     0.965319     0.252243
    0.042020     0.963739     0.263517
    0.013169     0.962936     0.269409
   -0.016886     0.962933     0.269211
   -0.045359     0.963882     0.262437
   -0.070320     0.965449     0.250926
   -0.091343     0.967556     0.235565
   -0.107655     0.970180     0.217168
   -0.119390     0.972845     0.198291
   -0.127198     0.975552     0.179217
   -0.132349     0.977901     0.161843
   -0.135142     0.980040     0.145804
   -0.135711     0.982034     0.131114
   -0.134652     0.983856     0.117880
   -0.132187     0.985577     0.105659
   -0.129021     0.987075     0.095056
   -0.125632     0.988415     0.085164
    0.100990     0.992647     0.066724
    0.103796     0.991853     0.073856
    0.106687     0.990890     0.082189
    0.109049     0.989798     0.091699
    0.109993     0.988692     0.101926
    0.109594     0.987559     0.112771
    0.108558     0.986092     0.125852
    0.105457     0.984532     0.139911
    0.099650     0.982985     0.154307
    0.091232     0.981210     0.170010
    0.079102     0.979571     0.184888
    0.063606     0.977983     0.198753
    0.044643     0.976799     0.209456
    0.022679     0.976179     0.215778
   -0.001553     0.975989     0.217815
   -0.025525     0.976193     0.215398
   -0.047022     0.977034     0.207832
   -0.065488     0.978363     0.196256
   -0.080250     0.979973     0.182244
   -0.091089     0.981862     0.166280
   -0.099182     0.983501     0.151287
   -0.104774     0.984993     0.137156
   -0.107508     0.986526     0.123323
   -0.107918     0.988045     0.110097
   -0.107740     0.989243     0.098942
   -0.107377     0.990162     0.089718
   -0.106248     0.991001     0.081411
   -0.105986     0.991543     0.074891
   -0.107906     0.991625     0.070966
    0.076748     0.995693     0.052005
    0.078141     0.995263     0.057841
    0.080037     0.994710     0.064388
    0.081708     0.994049     0.072049
    0.081865     0.993448     0.079747
    0.081608     0.992679     0.089043
    0.080279     0.991808     0.099360
    0.077165     0.990891     0.110368
    0.072291     0.989841     0.122426
    0.064499     0.988913     0.133758
    0.054008     0.988041     0.144425
    0.040977     0.987268     0.153698
    0.025720     0.986640     0.160875
    0.008239     0.986504     0.163529
   -0.010498     0.986573     0.162986
   -0.027679     0.986679     0.160310
   -0.042607     0.987354     0.152701
   -0.054939     0.988303     0.142264
   -0.064478     0.989307     0.130821
   -0.071525     0.990321     0.118947
   -0.076555     0.991222     0.107788
   -0.079913     0.992003     0.097694
   -0.082359     0.992628     0.088924
   -0.083946     0.993171     0.081020
   -0.085062     0.993607     0.074231
   -0.086286     0.993895     0.068755
   -0.087828     0.994057     0.064318
   -0.088579     0.994285     0.059594
    0.053996     0.997914     0.035397
    0.051913     0.997970     0.036877
    0.052326     0.997816     0.040323
    0.052807     0.997615     0.044441
    0.053476     0.997341     0.049504
    0.053964     0.996996     0.055562
    0.053324     0.996660     0.061848
    0.051867     0.996276     0.068877
    0.049321     0.995851     0.076480
    0.044663     0.995537     0.083131
    0.038621     0.995164     0.090315
    0.031157     0.994739     0.097590
    0.022048     0.994350     0.103834
    0.011488     0.994029     0.108506
   -0.000793     0.993840     0.110820
   -0.013022     0.993978     0.108804
   -0.023289     0.994343     0.103629
   -0.032166     0.994768     0.096968
   -0.039702     0.995117     0.090361
   -0.046393     0.995326     0.084698
   -0.051579     0.995575     0.078555
   -0.055842     0.995781     0.072819
   -0.059858     0.995867     0.068313
   -0.063812     0.995863     0.064689
   -0.067048     0.995873     0.061174
   -0.069549     0.995912     0.057641
   -0.072134     0.995891     0.054759
   -0.073757     0.995936     0.051683
   -0.075539     0.995934     0.049074
    0.023982     0.999581     0.016197
    0.025102     0.999513     0.018554
    0.025642     0.999459     0.020612
    0.025720     0.999412     0.022672
    0.025872     0.999347     0.025227
    0.025709     0.999276     0.028038
    0.025134     0.999199     0.031127
    0.024157     0.999110     0.034566
    0.022278     0.999044     0.037627
    0.019909     0.998949     0.041295
    0.016800     0.998844     0.045041
    0.012796     0.998752     0.048274
    0.008113     0.998635     0.051592
    0.002659     0.998531     0.054111
   -0.003414     0.998549     0.053751
   -0.008662     0.998665     0.050927
   -0.013650     0.998706     0.048990
   -0.018885     0.998638     0.048626
   -0.024266     0.998520     0.048682
   -0.029766     0.998356     0.048986
   -0.034732     0.998222     0.048445
   -0.039298     0.998100     0.047466
   -0.043382     0.997987     0.046262
   -0.047055     0.997884     0.044872
   -0.050561     0.997767     0.043652
   -0.053267     0.997697     0.041988
   -0.055382     0.997657     0.040175
   -0.057448     0.997617     0.038218
   -0.004327     0.999987    -0.002822
   -0.003292     0.999992    -0.002338
   -0.003119     0.999992    -0.002401
   -0.002910     0.999993    -0.002444
   -0.002671     0.999993    -0.002470
   -0.002459     0.999994    -0.002529
   -0.002589     0.999992    -0.003010
   -0.002749     0.999990    -0.003652
   -0.002499     0.999989    -0.003863
   -0.002216     0.999989    -0.004127
   -0.002013     0.999987    -0.004724
   -0.001664     0.999985    -0.005220
   -0.001108     0.999986    -0.005232
   -0.000572     0.999984    -0.005576
    0.000048     0.999981    -0.006213
    0.000665     0.999983    -0.005765
    0.001120     0.999987    -0.004987
    0.001614     0.999987    -0.004807
    0.002160     0.999986    -0.004845
    0.002798     0.999983    -0.005028
    0.003467     0.999980    -0.005217
    0.003994     0.999979    -0.005152
    0.004348     0.999978    -0.004912
    0.004772     0.999977    -0.004792
    0.005182     0.999976    -0.004685
    0.005506     0.999975    -0.004529
    0.005893     0.999973    -0.004445
    0.006170     0.999972    -0.004296
    0.014907     0.999844    -0.009499
   -0.029572     0.999363    -0.019976
   -0.030503     0.999280    -0.022558
   -0.030811     0.999218    -0.024781
   -0.031007     0.999145    -0.027348
   -0.031411     0.999037    -0.030641
   -0.031078     0.998943    -0.033882
   -0.030505     0.998821    -0.037751
   -0.029374     0.998683    -0.042053
   -0.026983     0.998596    -0.045588
   -0.024116     0.998459    -0.049985
   -0.020326     0.998309    -0.054468
   -0.015424     0.998182    -0.058260
   -0.009835     0.998003    -0.062400
   -0.003262     0.997850    -0.065463
    0.004169     0.997865    -0.065177
    0.010611     0.998014    -0.062086
    0.016497     0.998106    -0.059258
    0.022529     0.998056    -0.058116
    0.028538     0.997945    -0.057379
    0.034533     0.997780    -0.056949
    0.039954     0.997642    -0.055802
    0.044863     0.997520    -0.054234
    0.049300     0.997397    -0.052628
    0.053369     0.997274    -0.050948
    0.057031     0.997156    -0.049276
    0.059921     0.997083    -0.047281
    0.062461     0.997017    -0.045348
    0.065005     0.996944    -0.043318
   -0.059585     0.997458    -0.039081
   -0.056378     0.997605    -0.040082
   -0.057013     0.997405    -0.043969
   -0.057936     0.997129    -0.048761
   -0.058822     0.996783    -0.054444
   -0.059613     0.996331    -0.061402
   -0.058865     0.995932    -0.068227
   -0.057135     0.995481    -0.075849
   -0.054493     0.994925    -0.084590
   -0.049393     0.994540    -0.091930
   -0.042574     0.994124    -0.099526
   -0.034322     0.993613    -0.107496
   -0.024228     0.993175    -0.114092
   -0.012736     0.992799    -0.119113
    0.000852     0.992573    -0.121645
    0.014333     0.992758    -0.119273
    0.025734     0.993120    -0.114241
    0.035507     0.993624    -0.107005
    0.043639     0.994094    -0.099365
    0.050619     0.994426    -0.092493
    0.055640     0.994842    -0.084817
    0.059624     0.995183    -0.077814
    0.063408     0.995356    -0.072432
    0.066968     0.995436    -0.067989
    0.070217     0.995468    -0.064130
    0.072583     0.995543    -0.060210
    0.074509     0.995610    -0.056642
    0.075985     0.995682    -0.053320
    0.077322     0.995730    -0.050434
   -0.081386     0.995152    -0.055215
   -0.083174     0.994631    -0.061576
   -0.085407     0.993972    -0.068734
   -0.087011     0.993251    -0.076697
   -0.087258     0.992553    -0.084996
   -0.086992     0.991677    -0.094913
   -0.085405     0.990732    -0.105626
   -0.081958     0.989718    -0.117222
   -0.076900     0.988488    -0.130299
   -0.068688     0.987414    -0.142465
   -0.057452     0.986458    -0.153620
   -0.043560     0.985560    -0.163630
   -0.027451     0.984868    -0.171117
   -0.008958     0.984637    -0.174382
    0.011332     0.984699    -0.173896
    0.029456     0.984927    -0.170446
    0.045405     0.985650    -0.162581
    0.058440     0.986753    -0.151340
    0.068618     0.987881    -0.139223
    0.076158     0.989023    -0.126621
    0.081412     0.990074    -0.114568
    0.084750     0.991002    -0.103597
    0.086892     0.991789    -0.093826
    0.088224     0.992444    -0.085273
    0.089244     0.992956    -0.077932
    0.090237     0.993320    -0.071921
    0.091050     0.993608    -0.066730
    0.091604     0.993904    -0.061348
   -0.106023     0.991891    -0.070078
   -0.108790     0.991047    -0.077401
   -0.111858     0.989977    -0.086216
   -0.113960     0.988854    -0.095820
   -0.115268     0.987579    -0.106773
   -0.114889     0.986320    -0.118212
   -0.113577     0.984757    -0.131735
   -0.110359     0.983063    -0.146312
   -0.104189     0.981369    -0.161429
   -0.095347     0.979477    -0.177579
   -0.082812     0.977566    -0.193669
   -0.066482     0.975938    -0.207664
   -0.046685     0.974596    -0.219050
   -0.024150     0.973807    -0.226091
    0.001612     0.973576    -0.228359
    0.027013     0.973824    -0.225693
    0.049170     0.974870    -0.217282
    0.068701     0.976216    -0.205629
    0.084205     0.977942    -0.191152
    0.095451     0.980065    -0.174244
    0.103987     0.981860    -0.158548
    0.109802     0.983514    -0.143682
    0.112981     0.985111    -0.129585
    0.113577     0.986750    -0.115868
    0.112631     0.988230    -0.103519
    0.111773     0.989335    -0.093394
    0.110834     0.990204    -0.084925
    0.109931     0.990898    -0.077696
    0.110205     0.991242    -0.072755
   -0.132792     0.987070    -0.089775
   -0.136905     0.985397    -0.101238
   -0.139574     0.983830    -0.112241
   -0.141607     0.982024    -0.124802
   -0.142286     0.980037    -0.138863
   -0.141466     0.977869    -0.154142
   -0.138532     0.975407    -0.171436
   -0.132858     0.972768    -0.189922
   -0.123383     0.970133    -0.208850
   -0.109870     0.967554    -0.227526
   -0.092131     0.964872    -0.246035
   -0.069892     0.962575    -0.261847
   -0.043768     0.960992    -0.273093
   -0.014100     0.960148    -0.279135
    0.017879     0.960191    -0.278770
    0.047177     0.961198    -0.271795
    0.072814     0.962796    -0.260234
    0.094801     0.964997    -0.244528
    0.111784     0.967849    -0.225327
    0.123821     0.970790    -0.205511
    0.131948     0.973685    -0.185814
    0.137338     0.976175    -0.167988
    0.140421     0.978424    -0.151554
    0.141007     0.980604    -0.136136
    0.139642     0.982633    -0.122201
    0.136966     0.984503    -0.109520
    0.133949     0.986067    -0.098643
    0.127237     0.988124    -0.086145
   -0.158832     0.981644    -0.105583
   -0.160616     0.980393    -0.114156
   -0.164077     0.978309    -0.126451
   -0.166830     0.975961    -0.140242
   -0.168460     0.973274    -0.156071
   -0.168580     0.970283    -0.173584
   -0.166129     0.967130    -0.192511
   -0.160933     0.963620    -0.213395
   -0.152132     0.959826    -0.235774
   -0.138820     0.955953    -0.258616
   -0.120195     0.952332    -0.280386
   -0.096154     0.949139    -0.299815
   -0.067288     0.946623    -0.315243
   -0.034545     0.945041    -0.325123
    0.002195     0.944497    -0.328513
    0.038849     0.945211    -0.324139
    0.071055     0.946856    -0.313712
    0.099257     0.949600    -0.297334
    0.122659     0.953025    -0.276945
    0.140557     0.956537    -0.255502
    0.152915     0.960503    -0.232490
    0.160209     0.964613    -0.209415
    0.164147     0.968265    -0.188464
    0.166398     0.971360    -0.169622
    0.166967     0.973965    -0.153341
    0.165658     0.976439    -0.138293
    0.162574     0.978806    -0.124531
    0.158186     0.981295    -0.109714
   -0.179022     0.976249    -0.122019
   -0.187633     0.972389    -0.138754
   -0.191286     0.969412    -0.153787
   -0.193615     0.966129    -0.170613
   -0.194483     0.962385    -0.189714
   -0.193132     0.958323    -0.210516
   -0.188706     0.953879    -0.233462
   -0.180185     0.949342    -0.257454
   -0.167070     0.944581    -0.282584
   -0.149019     0.939532    -0.308338
   -0.124414     0.934957    -0.332230
   -0.093858     0.931297    -0.351962
   -0.058683     0.928501    -0.366664
   -0.018721     0.927181    -0.374145
    0.023843     0.927400    -0.373312
    0.063201     0.928984    -0.364685
    0.097726     0.931876    -0.349367
    0.127767     0.935596    -0.329144
    0.151812     0.939841    -0.306026
    0.169602     0.944726    -0.280583
    0.181857     0.949731    -0.254831
    0.188565     0.954779    -0.229871
    0.191214     0.959614    -0.206344
    0.191761     0.963777    -0.185366
    0.191017     0.967230    -0.167270
    0.189439     0.970152    -0.151384
    0.186480     0.972842    -0.137123
    0.184579     0.974741    -0.125742
   -0.209327     0.966826    -0.146391
   -0.214504     0.962650    -0.165208
   -0.217741     0.958684    -0.183070
   -0.219288     0.954295    -0.203062
   -0.218905     0.949387    -0.225266
   -0.215499     0.944009    -0.249812
   -0.208036     0.938365    -0.276028
   -0.195835     0.932434    -0.303670
   -0.178225     0.926616    -0.331087
   -0.153967     0.920610    -0.358848
   -0.122825     0.915315    -0.383552
   -0.085815     0.911458    -0.402344
   -0.043796     0.908973    -0.414547
    0.003027     0.908170    -0.418590
    0.049301     0.909083    -0.413688
    0.090736     0.911756    -0.400584
    0.126925     0.916008    -0.380551
    0.157145     0.921262    -0.355783
    0.180477     0.927346    -0.327808
    0.197586     0.933268    -0.299951
    0.209603     0.938937    -0.272880
    0.215834     0.944814    -0.246459
    0.217799     0.950497    -0.221628
    0.216919     0.955656    -0.199165
    0.214351     0.960164    -0.179272
    0.211520     0.963821    -0.162197
    0.208095     0.967215    -0.145576
   -0.236213     0.958031    -0.162419
   -0.236610     0.955733    -0.174900
   -0.240488     0.951205    -0.193325
   -0.242960     0.946108    -0.214125
   -0.243572     0.940383    -0.237385
   -0.241259     0.934157    -0.262953
   -0.235134     0.927399    -0.290934
   -0.224482     0.920109    -0.320946
   -0.207629     0.912900    -0.351430
   -0.184482     0.906118    -0.380679
   -0.153323     0.899440    -0.409267
   -0.115486     0.893702    -0.433544
   -0.071403     0.890183    -0.449973
   -0.022748     0.888593    -0.458132
    0.028884     0.888594    -0.457784
    0.077196     0.890531    -0.448325
    0.120641     0.894258    -0.430985
    0.157669     0.900015    -0.406341
    0.187455     0.907012    -0.377080
    0.209814     0.914005    -0.347235
    0.225670     0.921305    -0.316655
    0.236066     0.928374    -0.287044
    0.241778     0.934905    -0.259798
    0.243206     0.941271    -0.234220
    0.241337     0.947273    -0.210783
    0.237436     0.952662    -0.189890
    0.233092     0.957165    -0.171763
    0.229932     0.960213    -0.158499
   -0.256670     0.949184    -0.182128
   -0.262351     0.943574    -0.202090
   -0.265519     0.937899    -0.223260
   -0.267114     0.931433    -0.247148
   -0.265826     0.924416    -0.273479
   -0.260860     0.916828    -0.302290
   -0.251512     0.908649    -0.333314
   -0.236126     0.900068    -0.366227
   -0.214248     0.891715    -0.398675
   -0.184512     0.883979    -0.429578
   -0.146681     0.877022    -0.457513
   -0.101746     0.871264    -0.480154
   -0.050893     0.868079    -0.493811
    0.003391     0.867588    -0.497273
    0.057427     0.868451    -0.492439
    0.107630     0.871832    -0.477834
    0.151660     0.877843    -0.454302
    0.188445     0.885004    -0.425741
    0.217248     0.892916    -0.394340
    0.238170     0.901374    -0.361664
    0.252714     0.909857    -0.329084
    0.261642     0.917815    -0.298595
    0.266094     0.925321    -0.270137
    0.267011     0.932247    -0.244173
    0.264713     0.938783    -0.220483
    0.260006     0.944847    -0.199153
    0.253960     0.950442    -0.179342
   -0.283216     0.936506    -0.206749
   -0.287135     0.929647    -0.230892
   -0.289476     0.922603    -0.254966
   -0.289016     0.914948    -0.281672
   -0.285311     0.906582    -0.310978
   -0.277516     0.897406    -0.342997
   -0.263750     0.887928    -0.376855
   -0.243116     0.878332    -0.411616
   -0.215387     0.869130    -0.445221
   -0.178772     0.860369    -0.477290
   -0.134466     0.853295    -0.503792
   -0.082116     0.847980    -0.523629
   -0.025243     0.845446    -0.533463
    0.032236     0.845465    -0.533057
    0.089056     0.848284    -0.521999
    0.140434     0.854245    -0.500543
    0.183662     0.861581    -0.473229
    0.219216     0.870218    -0.441209
    0.246097     0.879569    -0.407178
    0.265749     0.889148    -0.372551
    0.278593     0.898611    -0.338944
    0.285940     0.907672    -0.307197
    0.289170     0.915924    -0.278324
    0.289121     0.923575    -0.251830
    0.286168     0.930684    -0.227895
    0.278246     0.938852    -0.202821
   -0.304623     0.926946    -0.219033
   -0.307129     0.921772    -0.236661
   -0.310321     0.914118    -0.260940
   -0.311037     0.905748    -0.287882
   -0.308713     0.896508    -0.317758
   -0.302385     0.886630    -0.349929
   -0.290391     0.876041    -0.385001
   -0.271612     0.865296    -0.421295
   -0.245628     0.854761    -0.457219
   -0.211076     0.844953    -0.491428
   -0.167722     0.835907    -0.522617
   -0.116051     0.828876    -0.547263
   -0.057490     0.824476    -0.562969
    0.003663     0.822788    -0.568336
    0.064878     0.824998    -0.561399
    0.123263     0.830084    -0.543845
    0.173315     0.836837    -0.519294
    0.215802     0.845761    -0.487974
    0.249447     0.856109    -0.452608
    0.274368     0.866649    -0.416703
    0.292251     0.877367    -0.380549
    0.303415     0.887785    -0.346089
    0.309353     0.897559    -0.314147
    0.311093     0.906814    -0.284446
    0.309734     0.915289    -0.257508
    0.305696     0.924185    -0.228979
   -0.325252     0.914531    -0.240508
   -0.329796     0.906028    -0.265234
   -0.331771     0.896972    -0.292180
   -0.330891     0.886822    -0.322581
   -0.325796     0.876319    -0.354854
   -0.315524     0.865105    -0.389920
   -0.299002     0.853179    -0.427414
   -0.274980     0.841212    -0.465563
   -0.242630     0.829990    -0.502242
   -0.201296     0.819857    -0.536017
   -0.150897     0.811117    -0.565084
   -0.091988     0.804928    -0.586199
   -0.028660     0.801741    -0.596984
    0.036686     0.802106    -0.596053
    0.100094     0.805735    -0.583757
    0.157257     0.811815    -0.562341
    0.206596     0.820986    -0.532260
    0.247190     0.831612    -0.497311
    0.278506     0.842619    -0.460898
    0.301564     0.854472    -0.423009
    0.317241     0.866316    -0.385816
    0.326667     0.877580    -0.350917
    0.331104     0.888208    -0.318523
    0.331843     0.898005    -0.288907
    0.329800     0.906883    -0.262290
    0.330054     0.912173    -0.242909
   -0.349674     0.897697    -0.268084
   -0.351315     0.888479    -0.295266
   -0.351358     0.878016    -0.325016
   -0.347667     0.866628    -0.357887
   -0.339312     0.854699    -0.392883
   -0.324993     0.842002    -0.430596
   -0.303410     0.828734    -0.470257
   -0.273434     0.816025    -0.509251
   -0.234164     0.804267    -0.546189
   -0.185800     0.794503    -0.578138
   -0.127681     0.786707    -0.603978
   -0.063493     0.781828    -0.620253
    0.004256     0.780449    -0.625205
    0.071677     0.781931    -0.619230
    0.135523     0.787017    -0.601862
    0.192148     0.795481    -0.574708
    0.239608     0.805904    -0.541393
    0.277495     0.817507    -0.504657
    0.306492     0.830362    -0.465361
    0.327090     0.843668    -0.425719
    0.340527     0.856275    -0.388374
    0.348284     0.868132    -0.353618
    0.351492     0.879330    -0.321299
    0.351091     0.889652    -0.291983
    0.346886     0.899741    -0.264833
   -0.368175     0.881993    -0.294169
   -0.370788     0.869432    -0.326504
   -0.368536     0.857418    -0.359187
   -0.361843     0.844685    -0.394431
   -0.349605     0.831456    -0.431807
   -0.330324     0.817644    -0.471535
   -0.302872     0.803714    -0.512164
   -0.266378     0.790314    -0.551766
   -0.219883     0.778470    -0.587908
   -0.164228     0.769077    -0.617698
   -0.099990     0.762173    -0.639605
   -0.030992     0.758573    -0.650851
    0.039244     0.758781    -0.650162
    0.108374     0.762910    -0.637357
    0.171615     0.770346    -0.614097
    0.226437     0.779929    -0.583470
    0.271419     0.791845    -0.547095
    0.306701     0.805342    -0.507305
    0.333202     0.819400    -0.466433
    0.351300     0.833180    -0.427081
    0.362905     0.846261    -0.390054
    0.369099     0.858889    -0.355072
    0.370767     0.870815    -0.322820
    0.368741     0.882911    -0.290684
   -0.388826     0.863686    -0.320720
   -0.388079     0.848854    -0.358944
   -0.383003     0.835385    -0.394261
   -0.372659     0.821432    -0.431711
   -0.355867     0.806947    -0.471377
   -0.330975     0.792265    -0.512613
   -0.297559     0.778060    -0.553246
   -0.254096     0.764441    -0.592507
   -0.200192     0.752822    -0.627042
   -0.137888     0.744320    -0.653433
   -0.068698     0.738726    -0.670496
    0.004430     0.736691    -0.676215
    0.077647     0.739367    -0.668811
    0.146257     0.745512    -0.650246
    0.207282     0.754412    -0.622814
    0.259753     0.766131    -0.587853
    0.302095     0.779437    -0.548832
    0.334765     0.793928    -0.507554
    0.358462     0.808813    -0.466183
    0.374263     0.823035    -0.427248
    0.383810     0.837156    -0.389691
    0.388320     0.850433    -0.354924
    0.389840     0.863476    -0.320052
   -0.407197     0.842930    -0.351653
   -0.402498     0.827191    -0.392110
   -0.394117     0.812394    -0.429752
   -0.379757     0.797315    -0.469120
   -0.357612     0.781715    -0.510915
   -0.327047     0.766428    -0.552837
   -0.287016     0.752071    -0.593305
   -0.235998     0.738919    -0.631113
   -0.175318     0.728049    -0.662727
   -0.107360     0.720480    -0.685114
   -0.033436     0.716917    -0.696356
    0.042706     0.717318    -0.695436
    0.116460     0.721398    -0.682658
    0.183364     0.728957    -0.659544
    0.243103     0.740279    -0.626808
    0.291942     0.753476    -0.589104
    0.331348     0.768307    -0.547643
    0.360988     0.783764    -0.505372
    0.382007     0.798889    -0.464593
    0.395484     0.814309    -0.424846
    0.403178     0.828888    -0.387803
    0.408355     0.842838    -0.350529
   -0.426040     0.829170    -0.361892
   -0.420921     0.819224    -0.389484
   -0.414191     0.804287    -0.426109
   -0.402016     0.788351    -0.465711
   -0.382683     0.772230    -0.507164
   -0.354918     0.756015    -0.549977
   -0.318343     0.740424    -0.591972
   -0.270960     0.726100    -0.631949
   -0.213172     0.713795    -0.667124
   -0.146689     0.704124    -0.694760
   -0.072722     0.697991    -0.712405
    0.005124     0.696201    -0.717828
    0.082441     0.698696    -0.710653
    0.154536     0.704954    -0.692213
    0.221074     0.714777    -0.663491
    0.277531     0.727677    -0.627266
    0.322941     0.742431    -0.586945
    0.359017     0.758024    -0.544524
    0.385560     0.774074    -0.502149
    0.403916     0.790309    -0.460720
    0.415496     0.806046    -0.421490
    0.420525     0.824085    -0.379530
   -0.437836     0.810392    -0.389313
   -0.432972     0.796546    -0.421959
   -0.422848     0.780435    -0.460565
   -0.406117     0.763526    -0.502093
   -0.381522     0.746506    -0.545133
   -0.348197     0.729795    -0.588352
   -0.304316     0.714218    -0.630305
   -0.249648     0.700502    -0.668561
   -0.185749     0.689372    -0.700188
   -0.113611     0.681538    -0.722910
   -0.035035     0.677363    -0.734814
    0.045093     0.677356    -0.734272
    0.122661     0.681727    -0.721251
    0.193497     0.690250    -0.697219
    0.257836     0.702148    -0.663709
    0.310299     0.716188    -0.625131
    0.352449     0.732020    -0.583032
    0.384906     0.748710    -0.539704
    0.408450     0.765781    -0.496737
    0.424424     0.782388    -0.455778
    0.435266     0.802720    -0.407656
   -0.450121     0.787562    -0.420876
   -0.442327     0.772868    -0.454997
   -0.427911     0.755858    -0.495550
   -0.406219     0.738266    -0.538469
   -0.376039     0.720928    -0.582114
   -0.335946     0.704312    -0.625369
   -0.284983     0.688922    -0.666462
   -0.224155     0.675846    -0.702130
   -0.153916     0.665954    -0.729942
   -0.076621     0.659893    -0.747442
    0.004837     0.657998    -0.753004
    0.086015     0.660442    -0.745934
    0.162582     0.666847    -0.727243
    0.232469     0.677189    -0.698121
    0.292690     0.690507    -0.661462
    0.341708     0.705865    -0.620476
    0.380256     0.722883    -0.576927
    0.409393     0.740403    -0.533105
    0.429971     0.757931    -0.490576
    0.445845     0.779061    -0.440779
   -0.457506     0.766169    -0.451302
   -0.451275     0.748408    -0.486042
   -0.429228     0.730718    -0.530862
   -0.402171     0.712751    -0.574669
   -0.365762     0.695397    -0.618580
   -0.319139     0.679023    -0.661119
   -0.261862     0.664216    -0.700175
   -0.194343     0.652211    -0.732701
   -0.118208     0.644034    -0.755809
   -0.036765     0.640003    -0.767493
    0.047092     0.640381    -0.766612
    0.127494     0.645213    -0.753290
    0.202252     0.653716    -0.729211
    0.269594     0.665795    -0.695727
    0.325839     0.680646    -0.656164
    0.371090     0.697260    -0.613287
    0.406158     0.714956    -0.569099
    0.432002     0.733015    -0.525417
    0.453018     0.754482    -0.474902
   -0.454269     0.724125    -0.518925
   -0.426811     0.705348    -0.565965
   -0.393892     0.686961    -0.610684
   -0.351184     0.669778    -0.654269
   -0.298209     0.654144    -0.695102
   -0.234359     0.640498    -0.731326
   -0.159527     0.630223    -0.759848
   -0.079410     0.624145    -0.777262
    0.005481     0.622207    -0.782834
    0.089660     0.624612    -0.775771
    0.168993     0.631472    -0.756759
    0.241467     0.642109    -0.727591
    0.305344     0.655969    -0.690268
    0.357326     0.672159    -0.648475
    0.398635     0.689736    -0.604445
    0.430070     0.707888    -0.560298
    0.456129     0.729192    -0.510122
   -0.451635     0.698494    -0.555097
   -0.420403     0.680160    -0.600537
   -0.381098     0.661597    -0.645797
   -0.332189     0.644966    -0.688236
   -0.272756     0.630295    -0.726865
   -0.200931     0.618271    -0.759847
   -0.122098     0.609917    -0.783003
   -0.038106     0.605433    -0.794983
    0.048924     0.605867    -0.794060
    0.132259     0.610595    -0.780821
    0.210060     0.619531    -0.756344
    0.279401     0.631988    -0.722860
    0.339392     0.647323    -0.682485
    0.386924     0.664412    -0.639410
    0.424352     0.682416    -0.595176
    0.454835     0.703256    -0.546404
   -0.443538     0.674611    -0.590063
   -0.415571     0.654613    -0.631492
   -0.364044     0.637092    -0.679401
   -0.309084     0.621169    -0.720150
   -0.241375     0.607638    -0.756646
   -0.164993     0.597316    -0.784851
   -0.083046     0.590669    -0.802629
    0.006267     0.588617    -0.808388
    0.092652     0.591387    -0.801048
    0.175106     0.598277    -0.781922
    0.250025     0.609103    -0.752649
    0.315948     0.623306    -0.715309
    0.371049     0.639679    -0.673151
    0.416416     0.658302    -0.627086
    0.448806     0.676891    -0.583431
   -0.398991     0.630173    -0.666099
   -0.343395     0.613395    -0.711215
   -0.280361     0.598417    -0.750530
   -0.207041     0.586274    -0.783209
   -0.127326     0.577776    -0.806203
   -0.038926     0.573682    -0.818153
    0.051128     0.574074    -0.817205
    0.136195     0.578758    -0.804046
    0.216867     0.587585    -0.779559
    0.288665     0.600042    -0.746071
    0.350383     0.615538    -0.705935
    0.407821     0.635222    -0.655878
   -0.371748     0.606030    -0.703229
   -0.321407     0.588951    -0.741509
   -0.248301     0.576768    -0.778258
   -0.170674     0.566219    -0.806391
   -0.084079     0.560081    -0.824160
    0.006571     0.558251    -0.829646
    0.095271     0.560655    -0.822551
    0.179452     0.567493    -0.803585
    0.257325     0.578379    -0.774120
    0.326217     0.591892    -0.737053
    0.381843     0.609104    -0.695118
   -0.277566     0.567482    -0.775191
   -0.213224     0.555447    -0.803750
   -0.130889     0.545564    -0.827785
   -0.042296     0.540536    -0.840257
    0.048677     0.540619    -0.839858
    0.136807     0.546028    -0.826521
    0.221806     0.556239    -0.800875
    0.296012     0.572984    -0.764242
