    0.021671     0.999765     0.000000
    0.021671     0.999765     0.000000
    0.021671     0.999765     0.000000
    0.029143     0.999575     0.000000
    0.064281     0.997932     0.000000
    0.171092     0.985255     0.000000
    0.296613     0.954998     0.000000
    0.516613     0.856219     0.000000
    0.652518     0.757774     0.000000
    0.601943     0.798539     0.000000
    0.643351     0.765571     0.000000
    0.680032     0.733182     0.000000
    0.737025     0.675866     0.000000
    0.751147     0.660135     0.000000
    0.725658     0.688055     0.000000
    0.625115     0.780533     0.000000
    0.541509     0.840695     0.000000
    0.429036     0.903288     0.000000
    0.362103     0.932138     0.000000
    0.285640     0.958337     0.000000
    0.167083     0.985943     0.000000
    0.102016     0.994783     0.000000
    0.060400     0.998174     0.000000
    0.029332     0.999570     0.000000
    0.021671     0.999765     0.000000
    0.021671     0.999765     0.000000
    0.397593     0.917562     0.000000
    0.095891     0.995392     0.000000
    0.391787     0.920056     0.000000
    0.153231     0.988190     0.000000
    0.390123     0.920763     0.000000
    0.146764     0.989172     0.000000
    0.597009     0.802235     0.000000
    0.601830     0.798625     0.000000
    0.593958     0.804496     0.000000
    0.485904     0.874012     0.000000
    0.244537     0.969640     0.000000
    0.197031     0.980397     0.000000
    0.639958     0.768410     0.000000
    0.569338     0.822103     0.000000
    0.021671     0.999765     0.000000
    0.462686     0.886522     0.000000
    0.073899     0.997266     0.000000
    0.593927     0.804519     0.000000
    0.096404     0.995342     0.000000
    0.427627     0.903955     0.000000
    0.706767     0.707446     0.000000
    0.321594     0.946878     0.000000
    0.649659     0.760226     0.000000
    0.605696     0.795696     0.000000
    0.264535     0.964376     0.000000
    0.601848     0.798611     0.000000
    0.041708     0.999130     0.000000
    0.487709     0.873007     0.000000
    0.051583     0.998669     0.000000
    0.675126     0.737702     0.000000
    0.242098     0.970252     0.000000
    0.738883     0.673834     0.000000
    0.406000     0.913873     0.000000
    0.616292     0.787518     0.000000
    0.021671     0.999765     0.000000
    0.044571     0.999006     0.000000
    0.135923     0.990719     0.000000
    0.359118     0.933292     0.000000
    0.627801     0.778374     0.000000
    0.044032     0.999030     0.000000
    0.239037     0.971011     0.000000
    0.604596     0.796532     0.000000
    0.642400     0.766370     0.000000
    0.599512     0.800366     0.000000
    0.191756     0.981443     0.000000
    0.282275     0.959333     0.000000
    0.636897     0.770949     0.000000
    0.027609     0.999619     0.000000
    0.695299     0.718720     0.000000
    0.204628     0.978840     0.000000
    0.209983     0.977705     0.000000
    0.600873     0.799344     0.000000
    0.511048     0.859552     0.000000
    0.021671     0.999765     0.000000
    0.119018     0.992892     0.000000
    0.463557     0.886067     0.000000
    0.332663     0.943046     0.000000
    0.640904     0.767621     0.000000
    0.180531     0.983569     0.000000
    0.569528     0.821972     0.000000
    0.594055     0.804425     0.000000
    0.065528     0.997851     0.000000
    0.621293     0.783578     0.000000
    0.594488     0.804105     0.000000
    0.259603     0.965715     0.000000
    0.666047     0.745910     0.000000
    0.395060     0.918655     0.000000
    0.314509     0.949255     0.000000
    0.033639     0.999434     0.000000
    0.136561     0.990632     0.000000
    0.021671     0.999765     0.000000
    0.634356     0.773041     0.000000
    0.413310     0.910591     0.000000
    0.232975     0.972483     0.000000
    0.302608     0.953115     0.000000
    0.631999     0.774969     0.000000
    0.136843     0.990593     0.000000
    0.168441     0.985712     0.000000
    0.027195     0.999630     0.000000
    0.631395     0.775462     0.000000
    0.537769     0.843092     0.000000
    0.072588     0.997362     0.000000
    0.594567     0.804046     0.000000
    0.708911     0.705298     0.000000
    0.600705     0.799471     0.000000
    0.021671     0.999765     0.000000
    0.239009     0.971017     0.000000
    0.716590     0.697494     0.000000
    0.659692     0.751536     0.000000
    0.119800     0.992798     0.000000
    0.379419     0.925225     0.000000
    0.435732     0.900077     0.000000
    0.072419     0.997374     0.000000
    0.602106     0.798416     0.000000
    0.594274     0.804263     0.000000
    0.644237     0.764826     0.000000
    0.203410     0.979094     0.000000
    0.259438     0.965760     0.000000
    0.080281     0.996772     0.000000
    0.105798     0.994388     0.000000
    0.468340     0.883548     0.000000
    0.667146     0.744927     0.000000
    0.559020     0.829154     0.000000
    0.251694     0.967807     0.000000
    0.673704     0.739002     0.000000
    0.606996     0.794705     0.000000
    0.021671     0.999765     0.000000
    0.642426     0.766348     0.000000
    0.330358     0.943856     0.000000
    0.707396     0.706818     0.000000
    0.212898     0.977074     0.000000
    0.043784     0.999041     0.000000
    0.188875     0.982001     0.000000
    0.599355     0.800483     0.000000
    0.355054     0.934846     0.000000
    0.483321     0.875443     0.000000
    0.288525     0.957472     0.000000
    0.599467     0.800399     0.000000
    0.179708     0.983720     0.000000
    0.429567     0.903035     0.000000
    0.062437     0.998049     0.000000
    0.607180     0.794564     0.000000
    0.626945     0.779064     0.000000
    0.136620     0.990623     0.000000
    0.023461     0.999725     0.000000
    0.228184     0.973618     0.000000
    0.600523     0.799607     0.000000
    0.061135     0.998130     0.000000
    0.157530     0.987514     0.000000
    0.578251     0.815859     0.000000
    0.716559     0.697527     0.000000
    0.286795     0.957992     0.000000
    0.630369     0.776296     0.000000
    0.704413     0.709790     0.000000
    0.535582     0.844483     0.000000
    0.060763     0.998152     0.000000
    0.440242     0.897879     0.000000
    0.441694     0.897166     0.000000
    0.313058     0.949734     0.000000
    0.142753     0.989758     0.000000
    0.641245     0.767336     0.000000
    0.087980     0.996122     0.000000
    0.228322     0.973586     0.000000
    0.615683     0.787994     0.000000
    0.622176     0.782878     0.000000
    0.306193     0.951969     0.000000
    0.597717     0.801707     0.000000
    0.636639     0.771162     0.000000
    0.363040     0.931774     0.000000
    0.094272     0.995547     0.000000
    0.021671     0.999765     0.000000
    0.055129     0.998479     0.000000
    0.255344     0.966850     0.000000
    0.327198     0.944956     0.000000
    0.202694     0.979242     0.000000
    0.147177     0.989110     0.000000
    0.522765     0.852477     0.000000
    0.125826     0.992052     0.000000
    0.101085     0.994878     0.000000
    0.582461     0.812859     0.000000
    0.021671     0.999765     0.000000
    0.178158     0.984002     0.000000
    0.392986     0.919544     0.000000
    0.666675     0.745348     0.000000
    0.718834     0.695182     0.000000
    0.185699     0.982607     0.000000
    0.435515     0.900181     0.000000
    0.640496     0.767961     0.000000
    0.510331     0.859978     0.000000
    0.227594     0.973756     0.000000
    0.434033     0.900897     0.000000
    0.374124     0.927379     0.000000
    0.176338     0.984330     0.000000
    0.629589     0.776928     0.000000
    0.607355     0.794431     0.000000
    0.352431     0.935838     0.000000
    0.066035     0.997817     0.000000
    0.629077     0.777343     0.000000
    0.583806     0.811894     0.000000
    0.594327     0.804223     0.000000
    0.094947     0.995482     0.000000
    0.642326     0.766431     0.000000
    0.179341     0.983787     0.000000
    0.605948     0.795504     0.000000
    0.359096     0.933301     0.000000
    0.642353     0.766409     0.000000
    0.384787     0.923006     0.000000
    0.604911     0.796293     0.000000
    0.094303     0.995544     0.000000
    0.657732     0.753252     0.000000
    0.025481     0.999675     0.000000
    0.610765     0.791812     0.000000
    0.314864     0.949137     0.000000
    0.116211     0.993225     0.000000
    0.299909     0.953968     0.000000
    0.499604     0.866254     0.000000
    0.047523     0.998870     0.000000
    0.269253     0.963070     0.000000
    0.073137     0.997322     0.000000
    0.207474     0.978241     0.000000
    0.506728     0.862106     0.000000
    0.021671     0.999765     0.000000
    0.083555     0.996503     0.000000
    0.703543     0.710652     0.000000
    0.587804     0.809003     0.000000
    0.203441     0.979087     0.000000
    0.312427     0.949942     0.000000
    0.434281     0.900777     0.000000
    0.263480     0.964665     0.000000
    0.614224     0.789131     0.000000
    0.041791     0.999126     0.000000
    0.607271     0.794495     0.000000
    0.596742     0.802433     0.000000
    0.299075     0.954230     0.000000
    0.385330     0.922779     0.000000
    0.602489     0.798127     0.000000
    0.171686     0.985152     0.000000
    0.126655     0.991947     0.000000
    0.024950     0.999689     0.000000
    0.118552     0.992948     0.000000
    0.654528     0.756038     0.000000
    0.109396     0.993998     0.000000
    0.283822     0.958877     0.000000
    0.607992     0.793943     0.000000
    0.037011     0.999315     0.000000
    0.616973     0.786984     0.000000
    0.616590     0.787285     0.000000
    0.616278     0.787529     0.000000
    0.429647     0.902997     0.000000
    0.215633     0.976475     0.000000
    0.632838     0.774284     0.000000
    0.469314     0.883031     0.000000
    0.612871     0.790183     0.000000
    0.203588     0.979057     0.000000
    0.485017     0.874505     0.000000
    0.670122     0.742251     0.000000
    0.600515     0.799613     0.000000
    0.140080     0.990140     0.000000
    0.070927     0.997482     0.000000
    0.284307     0.958733     0.000000
    0.163332     0.986571     0.000000
    0.492231     0.870464     0.000000
    0.021671     0.999765     0.000000
    0.641879     0.766806     0.000000
    0.031421     0.999506     0.000000
    0.322673     0.946510     0.000000
    0.273849     0.961773     0.000000
    0.440843     0.897584     0.000000
    0.603883     0.797073     0.000000
    0.142854     0.989744     0.000000
    0.363394     0.931635     0.000000
    0.637244     0.770662     0.000000
    0.506415     0.862290     0.000000
    0.065078     0.997880     0.000000
    0.455172     0.890404     0.000000
    0.367536     0.930009     0.000000
    0.594218     0.804304     0.000000
    0.636323     0.771423     0.000000
    0.223712     0.974655     0.000000
    0.116623     0.993176     0.000000
    0.594978     0.803742     0.000000
    0.631338     0.775508     0.000000
    0.318818     0.947816     0.000000
    0.492833     0.870124     0.000000
    0.225570     0.974227     0.000000
    0.203429     0.979090     0.000000
    0.052251     0.998634     0.000000
    0.667079     0.744987     0.000000
    0.391169     0.920319     0.000000
    0.600939     0.799295     0.000000
    0.629131     0.777299     0.000000
    0.615420     0.788199     0.000000
    0.222309     0.974976     0.000000
    0.021671     0.999765     0.000000
    0.116249     0.993220     0.000000
    0.601770     0.798669     0.000000
    0.138612     0.990347     0.000000
    0.157837     0.987465     0.000000
    0.656529     0.754301     0.000000
    0.021671     0.999765     0.000000
    0.593369     0.804931     0.000000
    0.375160     0.926960     0.000000
    0.460473     0.887674     0.000000
    0.335290     0.942115     0.000000
    0.187528     0.982259     0.000000
    0.375958     0.926637     0.000000
    0.592529     0.805549     0.000000
    0.595446     0.803395     0.000000
    0.372617     0.927985     0.000000
    0.509128     0.860691     0.000000
    0.281731     0.959494     0.000000
    0.186641     0.982428     0.000000
    0.105366     0.994434     0.000000
    0.595043     0.803694     0.000000
    0.034798     0.999394     0.000000
    0.241786     0.970330     0.000000
    0.594672     0.803968     0.000000
    0.299919     0.953965     0.000000
    0.595351     0.803466     0.000000
    0.616972     0.786985     0.000000
    0.641088     0.767467     0.000000
    0.220020     0.975495     0.000000
    0.157516     0.987516     0.000000
    0.228098     0.973638     0.000000
    0.021671     0.999765     0.000000
    0.578830     0.815448     0.000000
    0.184207     0.982888     0.000000
    0.594086     0.804401     0.000000
    0.037193     0.999308     0.000000
    0.025488     0.999675     0.000000
    0.456652     0.889646     0.000000
    0.571337     0.820716     0.000000
    0.534001     0.845484     0.000000
    0.547817     0.836598     0.000000
    0.500076     0.865982     0.000000
    0.506511     0.862234     0.000000
    0.594698     0.803949     0.000000
    0.332060     0.943258     0.000000
    0.275459     0.961313     0.000000
    0.519008     0.854769     0.000000
    0.269181     0.963090     0.000000
    0.410102     0.912040     0.000000
    0.439860     0.898067     0.000000
    0.594549     0.804059     0.000000
    0.312299     0.949984     0.000000
    0.611259     0.791430     0.000000
    0.622085     0.782950     0.000000
    0.151254     0.988495     0.000000
    0.157490     0.987521     0.000000
    0.106131     0.994352     0.000000
    0.043365     0.999059     0.000000
    0.672765     0.739856     0.000000
    0.637603     0.770365     0.000000
    0.082464     0.996594     0.000000
    0.243398     0.969927     0.000000
    0.440474     0.897765     0.000000
    0.500733     0.865602     0.000000
    0.641681     0.766972     0.000000
    0.342368     0.939566     0.000000
    0.602296     0.798273     0.000000
    0.284325     0.958728     0.000000
    0.604546     0.796570     0.000000
    0.602054     0.798455     0.000000
    0.413794     0.910371     0.000000
    0.647089     0.762415     0.000000
    0.320239     0.947337     0.000000
    0.504978     0.863132     0.000000
    0.112334     0.993670     0.000000
    0.136134     0.990690     0.000000
    0.256184     0.966628     0.000000
    0.351360     0.936240     0.000000
    0.249131     0.968470     0.000000
    0.165358     0.986234     0.000000
    0.246958     0.969026     0.000000
    0.021671     0.999765     0.000000
    0.599356     0.800483     0.000000
    0.605221     0.796058     0.000000
    0.423135     0.906067     0.000000
    0.336718     0.941605     0.000000
    0.439583     0.898202     0.000000
    0.299653     0.954048     0.000000
    0.644779     0.764369     0.000000
    0.627245     0.778822     0.000000
    0.594204     0.804315     0.000000
    0.600428     0.799679     0.000000
    0.691782     0.722106     0.000000
    0.654036     0.756463     0.000000
    0.680324     0.732911     0.000000
    0.359063     0.933313     0.000000
    0.695891     0.718148     0.000000
    0.342787     0.939413     0.000000
    0.021671     0.999765     0.000000
    0.246550     0.969130     0.000000
